skill_id	skill_id2	condition	cost	last	type	fcamp	ftarget	fselect	fs_arg	farg	frepeat	fparm	nwork	ntype	ncamp	ntarget	nselect	ns_arg	narg	nrepeat
int	int	int	int	int	int	int	int	int	string	string	int	int	int	int	int	int	int	string	string	int
10001	1	0	0	0	0	0	0	0	0	0	0	0	0	0	0	0	0	0	0	0
10001	2	0	0	0	0	0	0	0	0	0	0	0	0	0	0	0	0	0	0	0
10001	3	0	0	0	0	0	0	0	0	0	0	0	0	0	0	0	0	0	0	0
10001	4	0	0	0	0	0	0	0	0	0	0	0	0	0	0	0	0	0	0	0
10002	1	30	3	1	3	1	7	8	17,1	21,190000	1	0	0	0	0	0	0	0	0	0
10002	2	0	0	0	0	0	0	0	0	0	0	0	0	0	0	0	0	0	0	0
10002	3	0	0	0	0	0	0	0	0	0	0	0	0	0	0	0	0	0	0	0
10002	4	0	0	0	0	0	0	0	0	0	0	0	0	0	0	0	0	0	0	0
10003	1	30	2	1	1	1	1	9	0	2,2	1	0	0	0	0	0	0	0	0	0
10003	2	0	0	0	0	0	0	0	0	0	0	0	0	0	0	0	0	0	0	0
10003	3	0	0	0	0	0	0	0	0	0	0	0	0	0	0	0	0	0	0	0
10003	4	0	0	0	0	0	0	0	0	0	0	0	0	0	0	0	0	0	0	0
10004	1	30	4	1	1	1	2	9	0	2,1	1	0	0	0	0	0	0	0	0	0
10004	2	0	0	0	0	0	0	0	0	0	0	0	0	0	0	0	0	0	0	0
10004	3	0	0	0	0	0	0	0	0	0	0	0	0	0	0	0	0	0	0	0
10004	4	0	0	0	0	0	0	0	0	0	0	0	0	0	0	0	0	0	0	0
10005	1	30	2	2	13	3	2	8	0	12,1,1	1	0	0	0	0	0	0	0	0	0
10005	2	0	0	0	0	0	0	0	0	0	0	0	0	0	0	0	0	0	0	0
10005	3	0	0	0	0	0	0	0	0	0	0	0	0	0	0	0	0	0	0	0
10005	4	0	0	0	0	0	0	0	0	0	0	0	0	0	0	0	0	0	0	0
10006	1	0	0	0	0	0	0	0	0	0	0	0	0	0	0	0	0	0	0	0
10006	2	0	0	0	0	0	0	0	0	0	0	0	0	0	0	0	0	0	0	0
10006	3	0	0	0	0	0	0	0	0	0	0	0	0	0	0	0	0	0	0	0
10006	4	0	0	0	0	0	0	0	0	0	0	0	0	0	0	0	0	0	0	0
20001	1	0	0	0	0	0	0	0	0	0	0	0	0	0	0	0	0	0	0	0
20001	2	0	0	0	0	0	0	0	0	0	0	0	0	0	0	0	0	0	0	0
20001	3	0	0	0	0	0	0	0	0	0	0	0	0	0	0	0	0	0	0	0
20001	4	0	0	0	0	0	0	0	0	0	0	0	0	0	0	0	0	0	0	0
20002	1	30	2	0	0	0	0	0	0	0	0	0	0	0	0	0	0	0	0	0
20002	2	0	0	0	0	0	0	0	0	0	0	0	0	0	0	0	0	0	0	0
20002	3	0	0	0	0	0	0	0	0	0	0	0	0	0	0	0	0	0	0	0
20002	4	0	0	0	0	0	0	0	0	0	0	0	0	0	0	0	0	0	0	0
20003	1	30	2	2	13	3	2	8	0	28,2,1	1	0	0	0	0	0	0	0	0	0
20003	2	0	0	0	0	0	0	0	0	0	0	0	0	0	0	0	0	0	0	0
20003	3	0	0	0	0	0	0	0	0	0	0	0	0	0	0	0	0	0	0	0
20003	4	0	0	0	0	0	0	0	0	0	0	0	0	0	0	0	0	0	0	0
20004	1	30	2	2	13	3	2	8	0	8,1,1	1	0	0	0	0	0	0	0	0	0
20004	2	0	0	0	0	0	0	0	0	0	0	0	0	0	0	0	0	0	0	0
20004	3	0	0	0	0	0	0	0	0	0	0	0	0	0	0	0	0	0	0	0
20004	4	0	0	0	0	0	0	0	0	0	0	0	0	0	0	0	0	0	0	0
20005	1	30	4	2	1	2	2	9	0	1,-2,1	1	0	0	0	0	0	0	0	0	0
20005	2	0	0	0	0	0	0	0	0	0	0	0	0	0	0	0	0	0	0	0
20005	3	0	0	0	0	0	0	0	0	0	0	0	0	0	0	0	0	0	0	0
20005	4	0	0	0	0	0	0	0	0	0	0	0	0	0	0	0	0	0	0	0
20006	1	0	0	0	0	0	0	0	0	0	0	0	0	0	0	0	0	0	0	0
20006	2	0	0	0	0	0	0	0	0	0	0	0	0	0	0	0	0	0	0	0
20006	3	0	0	0	0	0	0	0	0	0	0	0	0	0	0	0	0	0	0	0
20006	4	0	0	0	0	0	0	0	0	0	0	0	0	0	0	0	0	0	0	0
30001	1	0	0	0	0	0	0	0	0	0	0	0	0	0	0	0	0	0	0	0
30001	2	0	0	0	0	0	0	0	0	0	0	0	0	0	0	0	0	0	0	0
30001	3	0	0	0	0	0	0	0	0	0	0	0	0	0	0	0	0	0	0	0
30001	4	0	0	0	0	0	0	0	0	0	0	0	0	0	0	0	0	0	0	0
30002	1	30	3	0	0	0	0	0	0	0	0	0	0	0	0	0	0	0	0	0
30002	2	0	0	0	0	0	0	0	0	0	0	0	0	0	0	0	0	0	0	0
30002	3	0	0	0	0	0	0	0	0	0	0	0	0	0	0	0	0	0	0	0
30002	4	0	0	0	0	0	0	0	0	0	0	0	0	0	0	0	0	0	0	0
30003	1	30	2	1	1	1	1	9	0	2,-2	1	1	1	4	1	11	9	0	40,1	1
30003	2	0	0	0	0	0	0	0	0	0	0	0	0	0	0	0	0	0	0	0
30003	3	0	0	0	0	0	0	0	0	0	0	0	0	0	0	0	0	0	0	0
30003	4	0	0	0	0	0	0	0	0	0	0	0	0	0	0	0	0	0	0	0
30004	1	30	2	1	1	1	3	8	0	2,-1	1	1	1	1	1	1	9	0	2,1	1
30004	2	0	0	0	0	0	0	0	0	0	0	0	0	0	0	0	0	0	0	0
30004	3	0	0	0	0	0	0	0	0	0	0	0	0	0	0	0	0	0	0	0
30004	4	0	0	0	0	0	0	0	0	0	0	0	0	0	0	0	0	0	0	0
30005	1	30	2	1	1	3	2	8	0	1,-1#2,-1	1	0	0	0	0	0	0	0	0	0
30005	2	0	0	0	0	0	0	0	0	0	0	0	0	0	0	0	0	0	0	0
30005	3	0	0	0	0	0	0	0	0	0	0	0	0	0	0	0	0	0	0	0
30005	4	0	0	0	0	0	0	0	0	0	0	0	0	0	0	0	0	0	0	0
30006	1	0	0	0	0	0	0	0	0	0	0	0	0	0	0	0	0	0	0	0
30006	2	0	0	0	0	0	0	0	0	0	0	0	0	0	0	0	0	0	0	0
30006	3	0	0	0	0	0	0	0	0	0	0	0	0	0	0	0	0	0	0	0
30006	4	0	0	0	0	0	0	0	0	0	0	0	0	0	0	0	0	0	0	0
40001	1	0	0	0	0	0	0	0	0	0	0	0	0	0	0	0	0	0	0	0
40001	2	0	0	0	0	0	0	0	0	0	0	0	0	0	0	0	0	0	0	0
40001	3	0	0	0	0	0	0	0	0	0	0	0	0	0	0	0	0	0	0	0
40001	4	0	0	0	0	0	0	0	0	0	0	0	0	0	0	0	0	0	0	0
40002	1	30	3	1	1	3	2	8	0	3,-2	1	0	0	0	0	0	0	0	0	0
40002	2	0	0	0	0	0	0	0	0	0	0	0	0	0	0	0	0	0	0	0
40002	3	0	0	0	0	0	0	0	0	0	0	0	0	0	0	0	0	0	0	0
40002	4	0	0	0	0	0	0	0	0	0	0	0	0	0	0	0	0	0	0	0
40003	1	30	2	1	1	2	1	8	0	2,-2	1	0	0	0	0	0	0	0	0	0
40003	2	0	0	0	0	0	0	0	0	0	0	0	0	0	0	0	0	0	0	0
40003	3	0	0	0	0	0	0	0	0	0	0	0	0	0	0	0	0	0	0	0
40003	4	0	0	0	0	0	0	0	0	0	0	0	0	0	0	0	0	0	0	0
40004	1	30	2	1	1	3	2	8	0	1,1	1	0	0	0	0	0	0	0	0	0
40004	2	0	0	0	0	0	0	0	0	0	0	0	0	0	0	0	0	0	0	0
40004	3	0	0	0	0	0	0	0	0	0	0	0	0	0	0	0	0	0	0	0
40004	4	0	0	0	0	0	0	0	0	0	0	0	0	0	0	0	0	0	0	0
40005	1	30	4	2	1	1	2	9	0	1,2,1	1	0	0	0	0	0	0	0	0	0
40005	2	0	0	0	0	0	0	0	0	0	0	0	0	0	0	0	0	0	0	0
40005	3	0	0	0	0	0	0	0	0	0	0	0	0	0	0	0	0	0	0	0
40005	4	0	0	0	0	0	0	0	0	0	0	0	0	0	0	0	0	0	0	0
40006	1	0	0	0	0	0	0	0	0	0	0	0	0	0	0	0	0	0	0	0
40006	2	0	0	0	0	0	0	0	0	0	0	0	0	0	0	0	0	0	0	0
40006	3	0	0	0	0	0	0	0	0	0	0	0	0	0	0	0	0	0	0	0
40006	4	0	0	0	0	0	0	0	0	0	0	0	0	0	0	0	0	0	0	0
50001	1	0	0	0	0	0	0	0	0	0	0	0	0	0	0	0	0	0	0	0
50001	2	0	0	0	0	0	0	0	0	0	0	0	0	0	0	0	0	0	0	0
50001	3	0	0	0	0	0	0	0	0	0	0	0	0	0	0	0	0	0	0	0
50001	4	0	0	0	0	0	0	0	0	0	0	0	0	0	0	0	0	0	0	0
50002	1	30	2	2	1	3	2	8	0	1,1,1#2,1,1	1	0	0	0	0	0	0	0	0	0
50002	2	0	0	0	0	0	0	0	0	0	0	0	0	0	0	0	0	0	0	0
50002	3	0	0	0	0	0	0	0	0	0	0	0	0	0	0	0	0	0	0	0
50002	4	0	0	0	0	0	0	0	0	0	0	0	0	0	0	0	0	0	0	0
50003	1	30	2	2	14	1	2	8	0	29,1	1	0	0	0	0	0	0	0	0	0
50003	2	30	0	2	10	1	2	8	0	29,1	1	0	0	0	0	0	0	0	0	0
50003	3	0	0	0	0	0	0	0	0	0	0	0	0	0	0	0	0	0	0	0
50003	4	0	0	0	0	0	0	0	0	0	0	0	0	0	0	0	0	0	0	0
50004	1	30	3	1	1	3	2	8	0	1,1#2,1	1	0	0	0	0	0	0	0	0	0
50004	2	0	0	0	0	0	0	0	0	0	0	0	0	0	0	0	0	0	0	0
50004	3	0	0	0	0	0	0	0	0	0	0	0	0	0	0	0	0	0	0	0
50004	4	0	0	0	0	0	0	0	0	0	0	0	0	0	0	0	0	0	0	0
50005	1	30	5	0	0	0	0	0	0	0	0	0	0	0	0	0	0	0	0	0
50005	2	0	0	0	0	0	0	0	0	0	0	0	0	0	0	0	0	0	0	0
50005	3	0	0	0	0	0	0	0	0	0	0	0	0	0	0	0	0	0	0	0
50005	4	0	0	0	0	0	0	0	0	0	0	0	0	0	0	0	0	0	0	0
50006	1	0	0	0	0	0	0	0	0	0	0	0	0	0	0	0	0	0	0	0
50006	2	0	0	0	0	0	0	0	0	0	0	0	0	0	0	0	0	0	0	0
50006	3	0	0	0	0	0	0	0	0	0	0	0	0	0	0	0	0	0	0	0
50006	4	0	0	0	0	0	0	0	0	0	0	0	0	0	0	0	0	0	0	0
100000	1	0	0	0	0	0	0	0	0	0	0	0	0	0	0	0	0	0	0	0
100000	2	0	0	0	0	0	0	0	0	0	0	0	0	0	0	0	0	0	0	0
100000	3	0	0	0	0	0	0	0	0	0	0	0	0	0	0	0	0	0	0	0
100000	4	0	0	0	0	0	0	0	0	0	0	0	0	0	0	0	0	0	0	0
100001	1	1	0	3	1	3	2	10	1,1030	1,1#2,1	0	0	0	0	0	0	0	0	0	0
100001	2	0	0	0	0	0	0	0	0	0	0	0	0	0	0	0	0	0	0	0
100001	3	0	0	0	0	0	0	0	0	0	0	0	0	0	0	0	0	0	0	0
100001	4	0	0	0	0	0	0	0	0	0	0	0	0	0	0	0	0	0	0	0
100002	1	1	0	3	10	1	4	0	0	35,1	0	0	0	0	0	0	0	0	0	0
100002	2	3	0	1	4	3	11	9	0	40,1	1	0	0	0	0	0	0	0	0	0
100002	3	0	0	0	0	0	0	0	0	0	0	0	0	0	0	0	0	0	0	0
100002	4	0	0	0	0	0	0	0	0	0	0	0	0	0	0	0	0	0	0	0
100003	1	11	0	2	1	1	4	0	0	1,3,1	1	0	0	0	0	0	0	0	0	0
100003	2	0	0	0	0	0	0	0	0	0	0	0	0	0	0	0	0	0	0	0
100003	3	0	0	0	0	0	0	0	0	0	0	0	0	0	0	0	0	0	0	0
100003	4	0	0	0	0	0	0	0	0	0	0	0	0	0	0	0	0	0	0	0
100004	1	1	0	3	10	1	4	0	0	35,1	0	0	0	0	0	0	0	0	0	0
100004	2	0	0	0	0	0	0	0	0	0	0	0	0	0	0	0	0	0	0	0
100004	3	0	0	0	0	0	0	0	0	0	0	0	0	0	0	0	0	0	0	0
100004	4	0	0	0	0	0	0	0	0	0	0	0	0	0	0	0	0	0	0	0
100005	1	1	0	3	10	1	4	0	0	25,1	0	0	0	0	0	0	0	0	0	0
100005	2	1	0	3	10	1	4	0	0	12,1	0	0	0	0	0	0	0	0	0	0
100005	3	0	0	0	0	0	0	0	0	0	0	0	0	0	0	0	0	0	0	0
100005	4	0	0	0	0	0	0	0	0	0	0	0	0	0	0	0	0	0	0	0
100006	1	25	0	1	1	1	4	0	0	1,-1	1	0	0	0	0	0	0	0	0	0
100006	2	0	0	0	0	0	0	0	0	0	0	0	0	0	0	0	0	0	0	0
100006	3	0	0	0	0	0	0	0	0	0	0	0	0	0	0	0	0	0	0	0
100006	4	0	0	0	0	0	0	0	0	0	0	0	0	0	0	0	0	0	0	0
100007	1	1	0	3	10	1	4	0	0	26,1	0	0	0	0	0	0	0	0	0	0
100007	2	0	0	0	0	0	0	0	0	0	0	0	0	0	0	0	0	0	0	0
100007	3	0	0	0	0	0	0	0	0	0	0	0	0	0	0	0	0	0	0	0
100007	4	0	0	0	0	0	0	0	0	0	0	0	0	0	0	0	0	0	0	0
100008	1	3	0	1	1	2	3	9	4,1	3,-2	1	0	0	0	0	0	0	0	0	0
100008	2	0	0	0	0	0	0	0	0	0	0	0	0	0	0	0	0	0	0	0
100008	3	0	0	0	0	0	0	0	0	0	0	0	0	0	0	0	0	0	0	0
100008	4	0	0	0	0	0	0	0	0	0	0	0	0	0	0	0	0	0	0	0
100009	1	1	0	3	10	1	4	0	0	10,1	0	0	0	0	0	0	0	0	0	0
100009	2	0	0	0	0	0	0	0	0	0	0	0	0	0	0	0	0	0	0	0
100009	3	0	0	0	0	0	0	0	0	0	0	0	0	0	0	0	0	0	0	0
100009	4	0	0	0	0	0	0	0	0	0	0	0	0	0	0	0	0	0	0	0
100010	1	3	0	1	1	1	1	9	0	2,4	1	0	0	0	0	0	0	0	0	0
100010	2	0	0	0	0	0	0	0	0	0	0	0	0	0	0	0	0	0	0	0
100010	3	0	0	0	0	0	0	0	0	0	0	0	0	0	0	0	0	0	0	0
100010	4	0	0	0	0	0	0	0	0	0	0	0	0	0	0	0	0	0	0	0
100011	1	6	0	1	1	1	4	0	0	3,9999	1	0	0	0	0	0	0	0	0	0
100011	2	0	0	0	0	0	0	0	0	0	0	0	0	0	0	0	0	0	0	0
100011	3	0	0	0	0	0	0	0	0	0	0	0	0	0	0	0	0	0	0	0
100011	4	0	0	0	0	0	0	0	0	0	0	0	0	0	0	0	0	0	0	0
100012	1	98	0	3	0	0	0	0	0	98,1	0	0	0	0	0	0	0	0	0	0
100012	2	1	0	3	10	1	4	0	0	35,1	0	0	0	0	0	0	0	0	0	0
100012	3	1	0	3	10	1	4	0	0	14,1	0	0	0	0	0	0	0	0	0	0
100012	4	0	0	0	0	0	0	0	0	0	0	0	0	0	0	0	0	0	0	0
110000	1	1	0	3	10	1	4	0	0	12,1	0	0	0	0	0	0	0	0	0	0
110000	2	0	0	0	0	0	0	0	0	0	0	0	0	0	0	0	0	0	0	0
110000	3	0	0	0	0	0	0	0	0	0	0	0	0	0	0	0	0	0	0	0
110000	4	0	0	0	0	0	0	0	0	0	0	0	0	0	0	0	0	0	0	0
110001	1	0	0	0	0	0	0	0	0	0	0	0	0	0	0	0	0	0	0	0
110001	2	0	0	0	0	0	0	0	0	0	0	0	0	0	0	0	0	0	0	0
110001	3	0	0	0	0	0	0	0	0	0	0	0	0	0	0	0	0	0	0	0
110001	4	0	0	0	0	0	0	0	0	0	0	0	0	0	0	0	0	0	0	0
110002	1	1	0	3	10	1	4	0	0	8,1	0	0	0	0	0	0	0	0	0	0
110002	2	1	0	3	10	1	4	0	0	9,1	0	0	0	0	0	0	0	0	0	0
110002	3	1	0	3	2	1	15	2	0	0	0	2	1	1	1	4	0	0	1,2#2,2	1
110002	4	0	0	0	0	0	0	0	0	0	0	0	0	0	0	0	0	0	0	0
110003	1	0	0	0	0	0	0	0	0	0	0	0	0	0	0	0	0	0	0	0
110003	2	0	0	0	0	0	0	0	0	0	0	0	0	0	0	0	0	0	0	0
110003	3	0	0	0	0	0	0	0	0	0	0	0	0	0	0	0	0	0	0	0
110003	4	0	0	0	0	0	0	0	0	0	0	0	0	0	0	0	0	0	0	0
110004	1	1	0	3	10	1	4	0	0	35,1	0	0	0	0	0	0	0	0	0	0
110004	2	30	0	1	1	3	2	8	0	3,1	1	0	0	0	0	0	0	0	0	0
110004	3	0	0	0	0	0	0	0	0	0	0	0	0	0	0	0	0	0	0	0
110004	4	0	0	0	0	0	0	0	0	0	0	0	0	0	0	0	0	0	0	0
110005	1	0	0	0	0	0	0	0	0	0	0	0	0	0	0	0	0	0	0	0
110005	2	0	0	0	0	0	0	0	0	0	0	0	0	0	0	0	0	0	0	0
110005	3	0	0	0	0	0	0	0	0	0	0	0	0	0	0	0	0	0	0	0
110005	4	0	0	0	0	0	0	0	0	0	0	0	0	0	0	0	0	0	0	0
110006	1	1	0	3	1	1	2	10	1,1032	2,1	0	0	0	0	0	0	0	0	0	0
110006	2	0	0	0	0	0	0	0	0	0	0	0	0	0	0	0	0	0	0	0
110006	3	0	0	0	0	0	0	0	0	0	0	0	0	0	0	0	0	0	0	0
110006	4	0	0	0	0	0	0	0	0	0	0	0	0	0	0	0	0	0	0	0
110007	1	2	0	1	7	3	2	8	0	39,1	1	0	0	0	0	0	0	0	0	0
110007	2	0	0	0	0	0	0	0	0	0	0	0	0	0	0	0	0	0	0	0
110007	3	0	0	0	0	0	0	0	0	0	0	0	0	0	0	0	0	0	0	0
110007	4	0	0	0	0	0	0	0	0	0	0	0	0	0	0	0	0	0	0	0
110008	1	1	0	3	1	1	2	10	1,1032	1,1	0	0	0	0	0	0	0	0	0	0
110008	2	0	0	0	0	0	0	0	0	0	0	0	0	0	0	0	0	0	0	0
110008	3	0	0	0	0	0	0	0	0	0	0	0	0	0	0	0	0	0	0	0
110008	4	0	0	0	0	0	0	0	0	0	0	0	0	0	0	0	0	0	0	0
110009	1	1	0	3	10	1	4	0	0	12,1	0	0	0	0	0	0	0	0	0	0
110009	2	1	0	3	10	1	4	0	0	27,1	0	0	0	0	0	0	0	0	0	0
110009	3	0	0	0	0	0	0	0	0	0	0	0	0	0	0	0	0	0	0	0
110009	4	0	0	0	0	0	0	0	0	0	0	0	0	0	0	0	0	0	0	0
110010	1	2	0	1	1	1	1	0	0	3,2	1	0	0	0	0	0	0	0	0	0
110010	2	0	0	0	0	0	0	0	0	0	0	0	0	0	0	0	0	0	0	0
110010	3	0	0	0	0	0	0	0	0	0	0	0	0	0	0	0	0	0	0	0
110010	4	0	0	0	0	0	0	0	0	0	0	0	0	0	0	0	0	0	0	0
110011	1	16	0	1	1	2	2	11	0	3,-1	1	0	0	0	0	0	0	0	0	0
110011	2	11	0	1	1	2	2	11	0	3,-1	1	0	0	0	0	0	0	0	0	0
110011	3	0	0	0	0	0	0	0	0	0	0	0	0	0	0	0	0	0	0	0
110011	4	0	0	0	0	0	0	0	0	0	0	0	0	0	0	0	0	0	0	0
110012	1	1	0	3	10	1	4	0	0	12,1	0	0	0	0	0	0	0	0	0	0
110012	2	1	0	3	10	1	4	0	0	27,1	0	0	0	0	0	0	0	0	0	0
110012	3	33	0	1	3	1	7	9	0	21,190000	1	0	0	0	0	0	0	0	0	0
110012	4	0	0	0	0	0	0	0	0	0	0	0	0	0	0	0	0	0	0	0
110013	1	2	0	2	1	1	2	9	0	1,1,1#2,1,1	1	0	0	0	0	0	0	0	0	0
110013	2	0	0	0	0	0	0	0	0	0	0	0	0	0	0	0	0	0	0	0
110013	3	0	0	0	0	0	0	0	0	0	0	0	0	0	0	0	0	0	0	0
110013	4	0	0	0	0	0	0	0	0	0	0	0	0	0	0	0	0	0	0	0
110014	1	1	0	3	10	1	4	0	0	8,1	0	0	0	0	0	0	0	0	0	0
110014	2	1	0	3	10	1	4	0	0	12,1	0	0	0	0	0	0	0	0	0	0
110014	3	0	0	0	0	0	0	0	0	0	0	0	0	0	0	0	0	0	0	0
110014	4	0	0	0	0	0	0	0	0	0	0	0	0	0	0	0	0	0	0	0
110015	1	1	0	3	1	1	2	10	31,1	1,1#2,1	0	0	0	0	0	0	0	0	0	0
110015	2	0	0	0	0	0	0	0	0	0	0	0	0	0	0	0	0	0	0	0
110015	3	0	0	0	0	0	0	0	0	0	0	0	0	0	0	0	0	0	0	0
110015	4	0	0	0	0	0	0	0	0	0	0	0	0	0	0	0	0	0	0	0
110016	1	1	0	3	10	1	4	0	0	12,1	0	0	0	0	0	0	0	0	0	0
110016	2	1	0	3	13	1	2	10	1,1032	12,1	0	0	0	0	0	0	0	0	0	0
110016	3	0	0	0	0	0	0	0	0	0	0	0	0	0	0	0	0	0	0	0
110016	4	0	0	0	0	0	0	0	0	0	0	0	0	0	0	0	0	0	0	0
110017	1	25	0	1	1	1	2	9	0	3,1	1	0	0	0	0	0	0	0	0	0
110017	2	0	0	0	0	0	0	0	0	0	0	0	0	0	0	0	0	0	0	0
110017	3	0	0	0	0	0	0	0	0	0	0	0	0	0	0	0	0	0	0	0
110017	4	0	0	0	0	0	0	0	0	0	0	0	0	0	0	0	0	0	0	0
110018	1	0	0	0	0	0	0	0	0	0	0	0	0	0	0	0	0	0	0	0
110018	2	0	0	0	0	0	0	0	0	0	0	0	0	0	0	0	0	0	0	0
110018	3	0	0	0	0	0	0	0	0	0	0	0	0	0	0	0	0	0	0	0
110018	4	0	0	0	0	0	0	0	0	0	0	0	0	0	0	0	0	0	0	0
110019	1	1	0	3	10	1	4	0	0	8,1	0	0	0	0	0	0	0	0	0	0
110019	2	1	0	3	10	1	4	0	0	6,1	0	0	0	0	0	0	0	0	0	0
110019	3	0	0	0	0	0	0	0	0	0	0	0	0	0	0	0	0	0	0	0
110019	4	0	0	0	0	0	0	0	0	0	0	0	0	0	0	0	0	0	0	0
110020	1	1	0	3	10	1	4	0	0	8,1	0	0	0	0	0	0	0	0	0	0
110020	2	0	0	0	0	0	0	0	0	0	0	0	0	0	0	0	0	0	0	0
110020	3	0	0	0	0	0	0	0	0	0	0	0	0	0	0	0	0	0	0	0
110020	4	0	0	0	0	0	0	0	0	0	0	0	0	0	0	0	0	0	0	0
110021	1	98	0	3	0	0	0	0	0	98,1	0	0	0	0	0	0	0	0	0	0
110021	2	1	0	3	10	1	4	0	0	8,1	0	0	0	0	0	0	0	0	0	0
110021	3	1	0	3	10	1	4	0	0	9,1	0	0	0	0	0	0	0	0	0	0
110021	4	26	0	1	1	1	2	9	0	1,1#2,1	1	0	0	0	0	0	0	0	0	0
110022	1	1	0	3	10	1	4	0	0	12,1	0	0	0	0	0	0	0	0	0	0
110022	2	1	0	3	1	1	2	10	1,1032	1,1#2,1	0	0	0	0	0	0	0	0	0	0
110022	3	1	0	3	13	1	2	10	1,1032	12,1	0	0	0	0	0	0	0	0	0	0
110022	4	2	0	1	3	1	7	9	0	21,190000	3	0	0	0	0	0	0	0	0	0
110023	1	1	0	3	10	1	4	0	0	8,1	0	0	0	0	0	0	0	0	0	0
110023	2	11	0	1	6	1	8	15	4,1	4,1	1	0	0	0	0	0	0	0	0	0
110023	3	0	0	0	0	0	0	0	0	0	0	0	0	0	0	0	0	0	0	0
110023	4	0	0	0	0	0	0	0	0	0	0	0	0	0	0	0	0	0	0	0
110024	1	1	0	3	10	1	4	0	0	25,1	0	0	0	0	0	0	0	0	0	0
110024	2	1	0	3	10	1	4	0	0	35,1	0	0	0	0	0	0	0	0	0	0
110024	3	1	0	3	1	1	2	10	31,1	1,2#2,2	0	0	0	0	0	0	0	0	0	0
110024	4	0	0	0	0	0	0	0	0	0	0	0	0	0	0	0	0	0	0	0
110025	1	1	0	3	10	1	4	0	0	8,1	0	0	0	0	0	0	0	0	0	0
110025	2	1	0	3	10	1	4	0	0	27,1	0	0	0	0	0	0	0	0	0	0
110025	3	2	0	1	14	1	3	9	0	29,9999	1	0	0	0	0	0	0	0	0	0
110025	4	0	0	0	0	0	0	0	0	0	0	0	0	0	0	0	0	0	0	0
110026	1	1	0	3	10	1	4	0	0	12,1	0	0	0	0	0	0	0	0	0	0
110026	2	1	0	3	13	2	2	9	16,8	30,2	1	0	0	0	0	0	0	0	0	0
110026	3	0	0	0	0	0	0	0	0	0	0	0	0	0	0	0	0	0	0	0
110026	4	0	0	0	0	0	0	0	0	0	0	0	0	0	0	0	0	0	0	0
110027	1	98	0	3	0	0	0	0	0	98,1	0	0	0	0	0	0	0	0	0	0
110027	2	1	0	3	10	1	4	0	0	28,1	0	0	0	0	0	0	0	0	0	0
110027	3	1	0	3	10	1	4	0	0	29,9999	0	0	0	0	0	0	0	0	0	0
110027	4	0	0	0	0	0	0	0	0	0	0	0	0	0	0	0	0	0	0	0
120000	1	1	0	3	10	1	4	0	0	8,1	0	0	0	0	0	0	0	0	0	0
120000	2	0	0	0	0	0	0	0	0	0	0	0	0	0	0	0	0	0	0	0
120000	3	0	0	0	0	0	0	0	0	0	0	0	0	0	0	0	0	0	0	0
120000	4	0	0	0	0	0	0	0	0	0	0	0	0	0	0	0	0	0	0	0
120001	1	2	0	4	19	0	0	0	0	0	0	0	0	0	0	0	0	0	0	0
120001	2	0	0	0	0	0	0	0	0	0	0	0	0	0	0	0	0	0	0	0
120001	3	0	0	0	0	0	0	0	0	0	0	0	0	0	0	0	0	0	0	0
120001	4	0	0	0	0	0	0	0	0	0	0	0	0	0	0	0	0	0	0	0
120002	1	1	0	3	10	1	4	0	0	25,1	0	0	0	0	0	0	0	0	0	0
120002	2	1	0	3	10	1	4	0	0	35,1	0	0	0	0	0	0	0	0	0	0
120002	3	0	0	0	0	0	0	0	0	0	0	0	0	0	0	0	0	0	0	0
120002	4	0	0	0	0	0	0	0	0	0	0	0	0	0	0	0	0	0	0	0
120003	1	1	0	3	10	1	4	0	0	8,1	0	0	0	0	0	0	0	0	0	0
120003	2	3	0	1	4	1	11	0	0	40,1	1	0	0	0	0	0	0	0	0	0
120003	3	0	0	0	0	0	0	0	0	0	0	0	0	0	0	0	0	0	0	0
120003	4	0	0	0	0	0	0	0	0	0	0	0	0	0	0	0	0	0	0	0
120004	1	1	0	3	10	1	4	0	0	35,1	0	0	0	0	0	0	0	0	0	0
120004	2	2	0	1	4	1	11	0	0	40,1	1	0	0	0	0	0	0	0	0	0
120004	3	0	0	0	0	0	0	0	0	0	0	0	0	0	0	0	0	0	0	0
120004	4	0	0	0	0	0	0	0	0	0	0	0	0	0	0	0	0	0	0	0
120005	1	2	0	1	6	3	2	8	0	4,1	1	0	0	0	0	0	0	0	0	0
120005	2	0	0	0	0	0	0	0	0	0	0	0	0	0	0	0	0	0	0	0
120005	3	0	0	0	0	0	0	0	0	0	0	0	0	0	0	0	0	0	0	0
120005	4	0	0	0	0	0	0	0	0	0	0	0	0	0	0	0	0	0	0	0
120006	1	33	0	1	4	1	11	0	0	40,1	1	0	0	0	0	0	0	0	0	0
120006	2	0	0	0	0	0	0	0	0	0	0	0	0	0	0	0	0	0	0	0
120006	3	0	0	0	0	0	0	0	0	0	0	0	0	0	0	0	0	0	0	0
120006	4	0	0	0	0	0	0	0	0	0	0	0	0	0	0	0	0	0	0	0
120007	1	1	0	3	10	1	4	0	0	8,1	0	0	0	0	0	0	0	0	0	0
120007	2	1	0	3	10	1	4	0	0	28,1	0	0	0	0	0	0	0	0	0	0
120007	3	0	0	0	0	0	0	0	0	0	0	0	0	0	0	0	0	0	0	0
120007	4	0	0	0	0	0	0	0	0	0	0	0	0	0	0	0	0	0	0	0
120008	1	1	0	3	10	1	4	0	0	20,1	0	0	0	0	0	0	0	0	0	0
120008	2	1	0	3	10	1	4	0	0	35,1	0	0	0	0	0	0	0	0	0	0
120008	3	0	0	0	0	0	0	0	0	0	0	0	0	0	0	0	0	0	0	0
120008	4	0	0	0	0	0	0	0	0	0	0	0	0	0	0	0	0	0	0	0
120009	1	1	0	3	10	1	4	0	0	27,1	0	0	0	0	0	0	0	0	0	0
120009	2	1	0	3	10	1	4	0	0	8,1	0	0	0	0	0	0	0	0	0	0
120009	3	0	0	0	0	0	0	0	0	0	0	0	0	0	0	0	0	0	0	0
120009	4	0	0	0	0	0	0	0	0	0	0	0	0	0	0	0	0	0	0	0
120010	1	30	3	2	1	3	2	8	0	1,-2,1	1	0	0	0	0	0	0	0	0	0
120010	2	0	0	0	0	0	0	0	0	0	0	0	0	0	0	0	0	0	0	0
120010	3	0	0	0	0	0	0	0	0	0	0	0	0	0	0	0	0	0	0	0
120010	4	0	0	0	0	0	0	0	0	0	0	0	0	0	0	0	0	0	0	0
120011	1	1	0	3	10	1	4	0	0	8,1	0	0	0	0	0	0	0	0	0	0
120011	2	1	0	3	10	1	4	0	0	28,1	0	0	0	0	0	0	0	0	0	0
120011	3	0	0	0	0	0	0	0	0	0	0	0	0	0	0	0	0	0	0	0
120011	4	0	0	0	0	0	0	0	0	0	0	0	0	0	0	0	0	0	0	0
120012	1	1	0	3	10	1	4	0	0	24,1	0	0	0	0	0	0	0	0	0	0
120012	2	0	0	0	0	0	0	0	0	0	0	0	0	0	0	0	0	0	0	0
120012	3	0	0	0	0	0	0	0	0	0	0	0	0	0	0	0	0	0	0	0
120012	4	0	0	0	0	0	0	0	0	0	0	0	0	0	0	0	0	0	0	0
120013	1	1	0	3	10	1	4	0	0	8,1	0	0	0	0	0	0	0	0	0	0
120013	2	1	0	3	10	1	4	0	0	24,1	0	0	0	0	0	0	0	0	0	0
120013	3	1	0	3	10	1	4	0	0	28,2	0	0	0	0	0	0	0	0	0	0
120013	4	0	0	0	0	0	0	0	0	0	0	0	0	0	0	0	0	0	0	0
120014	1	0	0	0	0	0	0	0	0	0	0	0	0	0	0	0	0	0	0	0
120014	2	35	0	2	1	1	2	9	32,1	1,1,1#2,1,1	1	0	0	0	0	0	0	0	0	0
120014	3	0	0	0	0	0	0	0	0	0	0	0	0	0	0	0	0	0	0	0
120014	4	0	0	0	0	0	0	0	0	0	0	0	0	0	0	0	0	0	0	0
120015	1	1	0	3	10	1	4	0	0	27,1	0	0	0	0	0	0	0	0	0	0
120015	2	1	0	3	10	1	4	0	0	24,1	0	0	0	0	0	0	0	0	0	0
120015	3	33	0	1	1	2	2	9	0	1,-1	1	0	0	0	0	0	0	0	0	0
120015	4	0	0	0	0	0	0	0	0	0	0	0	0	0	0	0	0	0	0	0
120016	1	1	0	3	10	1	4	0	0	28,1	0	0	0	0	0	0	0	0	0	0
120016	2	0	0	0	0	0	0	0	0	0	0	0	0	0	0	0	0	0	0	0
120016	3	0	0	0	0	0	0	0	0	0	0	0	0	0	0	0	0	0	0	0
120016	4	0	0	0	0	0	0	0	0	0	0	0	0	0	0	0	0	0	0	0
120017	1	98	0	3	0	0	0	0	0	98,1	0	0	0	0	0	0	0	0	0	0
120017	2	0	0	0	0	0	0	0	0	0	0	0	0	0	0	0	0	0	0	0
120017	3	0	0	0	0	0	0	0	0	0	0	0	0	0	0	0	0	0	0	0
120017	4	0	0	0	0	0	0	0	0	0	0	0	0	0	0	0	0	0	0	0
130000	1	3	0	1	1	2	2	9	4,1	1,-1#2,-1	1	0	0	0	0	0	0	0	0	0
130000	2	0	0	0	0	0	0	0	0	0	0	0	0	0	0	0	0	0	0	0
130000	3	0	0	0	0	0	0	0	0	0	0	0	0	0	0	0	0	0	0	0
130000	4	0	0	0	0	0	0	0	0	0	0	0	0	0	0	0	0	0	0	0
130001	1	3	0	1	4	1	11	0	0	40,1	1	0	0	0	0	0	0	0	0	0
130001	2	0	0	0	0	0	0	0	0	0	0	0	0	0	0	0	0	0	0	0
130001	3	0	0	0	0	0	0	0	0	0	0	0	0	0	0	0	0	0	0	0
130001	4	0	0	0	0	0	0	0	0	0	0	0	0	0	0	0	0	0	0	0
130002	1	2	0	1	1	1	1	0	0	3,-1	1	0	0	0	0	0	0	0	0	0
130002	2	0	0	0	0	0	0	0	0	0	0	0	0	0	0	0	0	0	0	0
130002	3	0	0	0	0	0	0	0	0	0	0	0	0	0	0	0	0	0	0	0
130002	4	0	0	0	0	0	0	0	0	0	0	0	0	0	0	0	0	0	0	0
130003	1	1	0	3	1	1	2	9	0	8,1	0	0	0	0	0	0	0	0	0	0
130003	2	0	0	0	0	0	0	0	0	0	0	0	0	0	0	0	0	0	0	0
130003	3	0	0	0	0	0	0	0	0	0	0	0	0	0	0	0	0	0	0	0
130003	4	0	0	0	0	0	0	0	0	0	0	0	0	0	0	0	0	0	0	0
130004	1	2	0	2	1	3	2	8	0	1,-1,1#2,-1,1	1	0	0	0	0	0	0	0	0	0
130004	2	0	0	0	0	0	0	0	0	0	0	0	0	0	0	0	0	0	0	0
130004	3	0	0	0	0	0	0	0	0	0	0	0	0	0	0	0	0	0	0	0
130004	4	0	0	0	0	0	0	0	0	0	0	0	0	0	0	0	0	0	0	0
130005	1	1	0	3	10	1	4	0	0	18,1	0	0	0	0	0	0	0	0	0	0
130005	2	0	0	0	0	0	0	0	0	0	0	0	0	0	0	0	0	0	0	0
130005	3	0	0	0	0	0	0	0	0	0	0	0	0	0	0	0	0	0	0	0
130005	4	0	0	0	0	0	0	0	0	0	0	0	0	0	0	0	0	0	0	0
130006	1	3	0	1	4	2	11	9	4,1	40,2	2	0	0	0	0	0	0	0	0	0
130006	2	0	0	0	0	0	0	0	0	0	0	0	0	0	0	0	0	0	0	0
130006	3	0	0	0	0	0	0	0	0	0	0	0	0	0	0	0	0	0	0	0
130006	4	0	0	0	0	0	0	0	0	0	0	0	0	0	0	0	0	0	0	0
130007	1	11	0	1	1	2	1	9	0	3,-1	1	0	0	0	0	0	0	0	0	0
130007	2	0	0	0	0	0	0	0	0	0	0	0	0	0	0	0	0	0	0	0
130007	3	0	0	0	0	0	0	0	0	0	0	0	0	0	0	0	0	0	0	0
130007	4	0	0	0	0	0	0	0	0	0	0	0	0	0	0	0	0	0	0	0
130008	1	31	2	2	1	1	4	0	0	1,1,1#2,1,1	1	0	0	0	0	0	0	0	0	0
130008	2	0	0	0	0	0	0	0	0	0	0	0	0	0	0	0	0	0	0	0
130008	3	0	0	0	0	0	0	0	0	0	0	0	0	0	0	0	0	0	0	0
130008	4	0	0	0	0	0	0	0	0	0	0	0	0	0	0	0	0	0	0	0
130009	1	2	0	1	6	2	11	9	4,1	4,16	1	0	0	0	0	0	0	0	0	0
130009	2	0	0	0	0	0	0	0	0	0	0	0	0	0	0	0	0	0	0	0
130009	3	0	0	0	0	0	0	0	0	0	0	0	0	0	0	0	0	0	0	0
130009	4	0	0	0	0	0	0	0	0	0	0	0	0	0	0	0	0	0	0	0
130010	1	1	0	3	10	1	4	0	0	8,1	0	0	0	0	0	0	0	0	0	0
130010	2	1	0	3	10	1	4	0	0	12,1	0	0	0	0	0	0	0	0	0	0
130010	3	0	0	0	0	0	0	0	0	0	0	0	0	0	0	0	0	0	0	0
130010	4	0	0	0	0	0	0	0	0	0	0	0	0	0	0	0	0	0	0	0
130011	1	0	0	0	0	0	0	0	0	0	0	0	0	0	0	0	0	0	0	0
130011	2	0	0	0	0	0	0	0	0	0	0	0	0	0	0	0	0	0	0	0
130011	3	0	0	0	0	0	0	0	0	0	0	0	0	0	0	0	0	0	0	0
130011	4	0	0	0	0	0	0	0	0	0	0	0	0	0	0	0	0	0	0	0
130012	1	2	0	1	1	3	2	8	0	1,-3#2,-3	1	0	0	0	0	0	0	0	0	0
130012	2	0	0	0	0	0	0	0	0	0	0	0	0	0	0	0	0	0	0	0
130012	3	0	0	0	0	0	0	0	0	0	0	0	0	0	0	0	0	0	0	0
130012	4	0	0	0	0	0	0	0	0	0	0	0	0	0	0	0	0	0	0	0
130013	1	2	0	1	5	3	2	8	30,1#31,1#32,1#34,1#35,1	41,1	1	0	0	0	0	0	0	0	0	0
130013	2	0	0	0	0	0	0	0	0	0	0	0	0	0	0	0	0	0	0	0
130013	3	0	0	0	0	0	0	0	0	0	0	0	0	0	0	0	0	0	0	0
130013	4	0	0	0	0	0	0	0	0	0	0	0	0	0	0	0	0	0	0	0
130014	1	1	0	3	10	1	4	0	0	8,1	0	0	0	0	0	0	0	0	0	0
130014	2	2	0	1	1	3	1	9	0	2,-2	1	0	0	0	0	0	0	0	0	0
130014	3	0	0	0	0	0	0	0	0	0	0	0	0	0	0	0	0	0	0	0
130014	4	0	0	0	0	0	0	0	0	0	0	0	0	0	0	0	0	0	0	0
130015	1	1	0	3	10	1	4	0	0	30,1	0	0	0	0	0	0	0	0	0	0
130015	2	0	0	0	0	0	0	0	0	0	0	0	0	0	0	0	0	0	0	0
130015	3	0	0	0	0	0	0	0	0	0	0	0	0	0	0	0	0	0	0	0
130015	4	0	0	0	0	0	0	0	0	0	0	0	0	0	0	0	0	0	0	0
130016	1	0	0	0	0	0	0	0	0	0	0	0	0	0	0	0	0	0	0	0
130016	2	0	0	0	0	0	0	0	0	0	0	0	0	0	0	0	0	0	0	0
130016	3	0	0	0	0	0	0	0	0	0	0	0	0	0	0	0	0	0	0	0
130016	4	0	0	0	0	0	0	0	0	0	0	0	0	0	0	0	0	0	0	0
130017	1	33	0	1	4	2	11	0	4,1	40,2	2	0	0	0	0	0	0	0	0	0
130017	2	0	0	0	0	0	0	0	0	0	0	0	0	0	0	0	0	0	0	0
130017	3	0	0	0	0	0	0	0	0	0	0	0	0	0	0	0	0	0	0	0
130017	4	0	0	0	0	0	0	0	0	0	0	0	0	0	0	0	0	0	0	0
130018	1	27	0	2	1	3	2	9	30,1#31,1#32,1#34,1#35,1	1,-2,1#2,-1,1	1	0	0	0	0	0	0	0	0	0
130018	2	0	0	0	0	0	0	0	0	0	0	0	0	0	0	0	0	0	0	0
130018	3	0	0	0	0	0	0	0	0	0	0	0	0	0	0	0	0	0	0	0
130018	4	0	0	0	0	0	0	0	0	0	0	0	0	0	0	0	0	0	0	0
130019	1	7	0	1	4	1	11	0	0	40,1	1	0	0	0	0	0	0	0	0	0
130019	2	0	0	0	0	0	0	0	0	0	0	0	0	0	0	0	0	0	0	0
130019	3	0	0	0	0	0	0	0	0	0	0	0	0	0	0	0	0	0	0	0
130019	4	0	0	0	0	0	0	0	0	0	0	0	0	0	0	0	0	0	0	0
130020	1	7	0	1	1	2	1	9	0	2,-2	1	1	1	1	1	1	9	0	2,2	1
130020	2	0	0	0	0	0	0	0	0	0	0	0	0	0	0	0	0	0	0	0
130020	3	0	0	0	0	0	0	0	0	0	0	0	0	0	0	0	0	0	0	0
130020	4	0	0	0	0	0	0	0	0	0	0	0	0	0	0	0	0	0	0	0
130021	1	2	0	1	4	2	11	9	0	40,2	10	0	0	0	0	0	0	0	0	0
130021	2	0	0	0	0	0	0	0	0	0	0	0	0	0	0	0	0	0	0	0
130021	3	0	0	0	0	0	0	0	0	0	0	0	0	0	0	0	0	0	0	0
130021	4	0	0	0	0	0	0	0	0	0	0	0	0	0	0	0	0	0	0	0
130022	1	1	0	3	10	1	4	0	0	19,3	0	0	0	0	0	0	0	0	0	0
130022	2	0	0	0	0	0	0	0	0	0	0	0	0	0	0	0	0	0	0	0
130022	3	0	0	0	0	0	0	0	0	0	0	0	0	0	0	0	0	0	0	0
130022	4	0	0	0	0	0	0	0	0	0	0	0	0	0	0	0	0	0	0	0
130023	1	27	0	1	5	3	2	10	4,1	41,1	1	2	2	1	1	4	0	0	1,2#2,2	1
130023	2	0	0	0	0	0	0	0	0	0	0	0	0	0	0	0	0	0	0	0
130023	3	0	0	0	0	0	0	0	0	0	0	0	0	0	0	0	0	0	0	0
130023	4	0	0	0	0	0	0	0	0	0	0	0	0	0	0	0	0	0	0	0
130024	1	98	0	3	0	0	0	0	0	98,1	0	0	0	0	0	0	0	0	0	0
130024	2	1	0	3	10	1	4	0	0	8,1	0	0	0	0	0	0	0	0	0	0
130024	3	1	0	3	10	1	4	0	0	30,1	0	0	0	0	0	0	0	0	0	0
130024	4	0	0	0	0	0	0	0	0	0	0	0	0	0	0	0	0	0	0	0
130025	1	98	0	3	0	0	0	0	0	98,1	0	0	0	0	0	0	0	0	0	0
130025	2	1	0	3	10	1	4	0	0	18,1	0	0	0	0	0	0	0	0	0	0
130025	3	0	0	0	0	0	0	0	0	0	0	0	0	0	0	0	0	0	0	0
130025	4	0	0	0	0	0	0	0	0	0	0	0	0	0	0	0	0	0	0	0
140000	1	2	0	1	1	3	3	8	0	3,-1	1	0	0	0	0	0	0	0	0	0
140000	2	0	0	0	0	0	0	0	0	0	0	0	0	0	0	0	0	0	0	0
140000	3	0	0	0	0	0	0	0	0	0	0	0	0	0	0	0	0	0	0	0
140000	4	0	0	0	0	0	0	0	0	0	0	0	0	0	0	0	0	0	0	0
140001	1	1	0	3	10	1	4	0	0	10,1	0	0	0	0	0	0	0	0	0	0
140001	2	0	0	0	0	0	0	0	0	0	0	0	0	0	0	0	0	0	0	0
140001	3	0	0	0	0	0	0	0	0	0	0	0	0	0	0	0	0	0	0	0
140001	4	0	0	0	0	0	0	0	0	0	0	0	0	0	0	0	0	0	0	0
140002	1	1	0	3	10	1	4	0	0	10,1	0	0	0	0	0	0	0	0	0	0
140002	2	25	0	1	6	1	4	0	0	4,1	1	0	0	0	0	0	0	0	0	0
140002	3	0	0	0	0	0	0	0	0	0	0	0	0	0	0	0	0	0	0	0
140002	4	0	0	0	0	0	0	0	0	0	0	0	0	0	0	0	0	0	0	0
140003	1	36	0	2	1	1	4	0	0	1,3,1	1	0	0	0	0	0	0	0	0	0
140003	2	37	0	2	1	1	4	0	0	1,3,1	1	0	0	0	0	0	0	0	0	0
140003	3	0	0	0	0	0	0	0	0	0	0	0	0	0	0	0	0	0	0	0
140003	4	0	0	0	0	0	0	0	0	0	0	0	0	0	0	0	0	0	0	0
140004	1	1	0	3	10	1	4	0	0	10,1	0	0	0	0	0	0	0	0	0	0
140004	2	2	0	2	1	1	4	0	0	1,2,1	1	0	0	0	0	0	0	0	0	0
140004	3	0	0	0	0	0	0	0	0	0	0	0	0	0	0	0	0	0	0	0
140004	4	0	0	0	0	0	0	0	0	0	0	0	0	0	0	0	0	0	0	0
140005	1	2	0	1	5	3	2	8	1,1030	41,1	1	0	0	0	0	0	0	0	0	0
140005	2	0	0	0	0	0	0	0	0	0	0	0	0	0	0	0	0	0	0	0
140005	3	0	0	0	0	0	0	0	0	0	0	0	0	0	0	0	0	0	0	0
140005	4	0	0	0	0	0	0	0	0	0	0	0	0	0	0	0	0	0	0	0
140006	1	1	0	3	10	1	4	0	0	15,1	0	0	0	0	0	0	0	0	0	0
140006	2	0	0	0	0	0	0	0	0	0	0	0	0	0	0	0	0	0	0	0
140006	3	0	0	0	0	0	0	0	0	0	0	0	0	0	0	0	0	0	0	0
140006	4	0	0	0	0	0	0	0	0	0	0	0	0	0	0	0	0	0	0	0
140007	1	1	0	3	10	1	4	0	0	17,2	0	0	0	0	0	0	0	0	0	0
140007	2	0	0	0	0	0	0	0	0	0	0	0	0	0	0	0	0	0	0	0
140007	3	0	0	0	0	0	0	0	0	0	0	0	0	0	0	0	0	0	0	0
140007	4	0	0	0	0	0	0	0	0	0	0	0	0	0	0	0	0	0	0	0
140008	1	11	0	1	1	1	4	0	0	1,2	1	0	0	0	0	0	0	0	0	0
140008	2	11	0	1	13	1	4	0	0	14,1	1	0	0	0	0	0	0	0	0	0
140008	3	0	0	0	0	0	0	0	0	0	0	0	0	0	0	0	0	0	0	0
140008	4	0	0	0	0	0	0	0	0	0	0	0	0	0	0	0	0	0	0	0
140009	1	1	0	3	10	1	4	0	0	8,1	0	0	0	0	0	0	0	0	0	0
140009	2	1	0	3	10	1	4	0	0	17,2	0	0	0	0	0	0	0	0	0	0
140009	3	0	0	0	0	0	0	0	0	0	0	0	0	0	0	0	0	0	0	0
140009	4	0	0	0	0	0	0	0	0	0	0	0	0	0	0	0	0	0	0	0
140010	1	31	2	1	1	1	4	0	0	3,-1	1	1	1	1	3	2	10	4,1	3,-2	1
140010	2	0	0	0	0	0	0	0	0	0	0	0	0	0	0	0	0	0	0	0
140010	3	0	0	0	0	0	0	0	0	0	0	0	0	0	0	0	0	0	0	0
140010	4	0	0	0	0	0	0	0	0	0	0	0	0	0	0	0	0	0	0	0
140011	1	30	0	1	1	3	2	8	0	3,-3	1	0	0	0	0	0	0	0	0	0
140011	2	0	0	0	0	0	0	0	0	0	0	0	0	0	0	0	0	0	0	0
140011	3	0	0	0	0	0	0	0	0	0	0	0	0	0	0	0	0	0	0	0
140011	4	0	0	0	0	0	0	0	0	0	0	0	0	0	0	0	0	0	0	0
140012	1	1	0	3	10	1	4	0	0	8,1	0	0	0	0	0	0	0	0	0	0
140012	2	33	0	1	1	2	2	9	0	3,-1	1	0	0	0	0	0	0	0	0	0
140012	3	0	0	0	0	0	0	0	0	0	0	0	0	0	0	0	0	0	0	0
140012	4	0	0	0	0	0	0	0	0	0	0	0	0	0	0	0	0	0	0	0
140013	1	2	0	1	1	3	2	8	0	3,-4	1	0	0	0	0	0	0	0	0	0
140013	2	0	0	0	0	0	0	0	0	0	0	0	0	0	0	0	0	0	0	0
140013	3	0	0	0	0	0	0	0	0	0	0	0	0	0	0	0	0	0	0	0
140013	4	0	0	0	0	0	0	0	0	0	0	0	0	0	0	0	0	0	0	0
140014	1	1	0	3	10	1	4	0	0	12,1	0	0	0	0	0	0	0	0	0	0
140014	2	30	0	1	1	3	3	8	0	3,-2	1	0	0	0	0	0	0	0	0	0
140014	3	0	0	0	0	0	0	0	0	0	0	0	0	0	0	0	0	0	0	0
140014	4	0	0	0	0	0	0	0	0	0	0	0	0	0	0	0	0	0	0	0
140015	1	1	0	3	10	1	4	0	0	10,1	0	0	0	0	0	0	0	0	0	0
140015	2	42	0	1	1	2	1	9	0	3,-1	1	0	0	0	0	0	0	0	0	0
140015	3	0	0	0	0	0	0	0	0	0	0	0	0	0	0	0	0	0	0	0
140015	4	0	0	0	0	0	0	0	0	0	0	0	0	0	0	0	0	0	0	0
140016	1	1	0	3	10	1	4	0	0	10,1	0	0	0	0	0	0	0	0	0	0
140016	2	1	0	3	10	1	4	0	0	12,1	0	0	0	0	0	0	0	0	0	0
140016	3	0	0	0	0	0	0	0	0	0	0	0	0	0	0	0	0	0	0	0
140016	4	0	0	0	0	0	0	0	0	0	0	0	0	0	0	0	0	0	0	0
140017	1	1	0	3	10	1	4	0	0	12,1	0	0	0	0	0	0	0	0	0	0
140017	2	36	0	2	1	1	2	9	1,1043	1,1,1	1	0	0	0	0	0	0	0	0	0
140017	3	37	0	2	1	1	2	9	1,1043	1,1,1	1	0	0	0	0	0	0	0	0	0
140017	4	0	0	0	0	0	0	0	0	0	0	0	0	0	0	0	0	0	0	0
140018	1	1	0	3	10	1	4	0	0	13,1	0	0	0	0	0	0	0	0	0	0
140018	2	33	0	1	1	1	4	0	0	1,1#2,1	1	0	0	0	0	0	0	0	0	0
140018	3	0	0	0	0	0	0	0	0	0	0	0	0	0	0	0	0	0	0	0
140018	4	0	0	0	0	0	0	0	0	0	0	0	0	0	0	0	0	0	0	0
140019	1	1	0	3	10	1	4	0	0	6,1	0	0	0	0	0	0	0	0	0	0
140019	2	25	0	1	3	1	7	9	0	21,190003	1	0	0	0	0	0	0	0	0	0
140019	3	0	0	0	0	0	0	0	0	0	0	0	0	0	0	0	0	0	0	0
140019	4	0	0	0	0	0	0	0	0	0	0	0	0	0	0	0	0	0	0	0
140020	1	98	0	3	0	0	0	0	0	98,1	0	0	0	0	0	0	0	0	0	0
140020	2	0	0	0	0	0	0	0	0	0	0	0	0	0	0	0	0	0	0	0
140020	3	0	0	0	0	0	0	0	0	0	0	0	0	0	0	0	0	0	0	0
140020	4	0	0	0	0	0	0	0	0	0	0	0	0	0	0	0	0	0	0	0
140021	1	27	0	1	1	3	3	10	4,1	3,-1	1	0	0	0	0	0	0	0	0	0
140021	2	0	0	0	0	0	0	0	0	0	0	0	0	0	0	0	0	0	0	0
140021	3	0	0	0	0	0	0	0	0	0	0	0	0	0	0	0	0	0	0	0
140021	4	0	0	0	0	0	0	0	0	0	0	0	0	0	0	0	0	0	0	0
140022	1	98	0	3	0	0	0	0	0	98,1	0	0	0	0	0	0	0	0	0	0
140022	2	1	0	3	10	1	4	0	0	8,1	0	0	0	0	0	0	0	0	0	0
140022	3	1	0	3	10	1	4	0	0	12,1	0	0	0	0	0	0	0	0	0	0
140022	4	1	0	3	10	1	4	0	0	28,2	0	0	0	0	0	0	0	0	0	0
150000	1	3	0	1	3	1	4	2	0	21,190004	1	0	0	0	0	0	0	0	0	0
150000	2	0	0	0	0	0	0	0	0	0	0	0	0	0	0	0	0	0	0	0
150000	3	0	0	0	0	0	0	0	0	0	0	0	0	0	0	0	0	0	0	0
150000	4	0	0	0	0	0	0	0	0	0	0	0	0	0	0	0	0	0	0	0
150001	1	2	0	1	4	1	11	0	0	40,1	1	0	0	0	0	0	0	0	0	0
150001	2	0	0	0	0	0	0	0	0	0	0	0	0	0	0	0	0	0	0	0
150001	3	0	0	0	0	0	0	0	0	0	0	0	0	0	0	0	0	0	0	0
150001	4	0	0	0	0	0	0	0	0	0	0	0	0	0	0	0	0	0	0	0
150002	1	27	0	1	11	1	1	0	0	33,1	1	0	0	0	0	0	0	0	0	0
150002	2	0	0	0	0	0	0	0	0	0	0	0	0	0	0	0	0	0	0	0
150002	3	0	0	0	0	0	0	0	0	0	0	0	0	0	0	0	0	0	0	0
150002	4	0	0	0	0	0	0	0	0	0	0	0	0	0	0	0	0	0	0	0
150003	1	3	0	1	1	1	1	0	0	2,2	1	0	0	0	0	0	0	0	0	0
150003	2	0	0	0	0	0	0	0	0	0	0	0	0	0	0	0	0	0	0	0
150003	3	0	0	0	0	0	0	0	0	0	0	0	0	0	0	0	0	0	0	0
150003	4	0	0	0	0	0	0	0	0	0	0	0	0	0	0	0	0	0	0	0
150004	1	1	0	3	10	1	4	0	0	20,1	0	0	0	0	0	0	0	0	0	0
150004	2	0	0	0	0	0	0	0	0	0	0	0	0	0	0	0	0	0	0	0
150004	3	0	0	0	0	0	0	0	0	0	0	0	0	0	0	0	0	0	0	0
150004	4	0	0	0	0	0	0	0	0	0	0	0	0	0	0	0	0	0	0	0
150005	1	16	0	2	1	1	4	0	0	1,2,1#2,2,1	1	0	0	0	0	0	0	0	0	0
150005	2	0	0	0	0	0	0	0	0	0	0	0	0	0	0	0	0	0	0	0
150005	3	0	0	0	0	0	0	0	0	0	0	0	0	0	0	0	0	0	0	0
150005	4	0	0	0	0	0	0	0	0	0	0	0	0	0	0	0	0	0	0	0
150006	1	3	0	1	3	1	4	2	0	21,190005	1	0	0	0	0	0	0	0	0	0
150006	2	0	0	0	0	0	0	0	0	0	0	0	0	0	0	0	0	0	0	0
150006	3	0	0	0	0	0	0	0	0	0	0	0	0	0	0	0	0	0	0	0
150006	4	0	0	0	0	0	0	0	0	0	0	0	0	0	0	0	0	0	0	0
150007	1	1	0	3	10	1	4	0	0	6,1	0	0	0	0	0	0	0	0	0	0
150007	2	0	0	0	0	0	0	0	0	0	0	0	0	0	0	0	0	0	0	0
150007	3	0	0	0	0	0	0	0	0	0	0	0	0	0	0	0	0	0	0	0
150007	4	0	0	0	0	0	0	0	0	0	0	0	0	0	0	0	0	0	0	0
150008	1	1	0	3	10	1	4	0	0	15,1	0	0	0	0	0	0	0	0	0	0
150008	2	0	0	0	0	0	0	0	0	0	0	0	0	0	0	0	0	0	0	0
150008	3	0	0	0	0	0	0	0	0	0	0	0	0	0	0	0	0	0	0	0
150008	4	0	0	0	0	0	0	0	0	0	0	0	0	0	0	0	0	0	0	0
150009	1	0	0	0	0	0	0	0	0	0	0	0	0	0	0	0	0	0	0	0
150009	2	0	0	0	0	0	0	0	0	0	0	0	0	0	0	0	0	0	0	0
150009	3	0	0	0	0	0	0	0	0	0	0	0	0	0	0	0	0	0	0	0
150009	4	0	0	0	0	0	0	0	0	0	0	0	0	0	0	0	0	0	0	0
150010	1	1	0	3	10	1	4	0	0	14,1	0	0	0	0	0	0	0	0	0	0
150010	2	0	0	0	0	0	0	0	0	0	0	0	0	0	0	0	0	0	0	0
150010	3	0	0	0	0	0	0	0	0	0	0	0	0	0	0	0	0	0	0	0
150010	4	0	0	0	0	0	0	0	0	0	0	0	0	0	0	0	0	0	0	0
150011	1	0	0	0	0	0	0	0	0	0	0	0	0	0	0	0	0	0	0	0
150011	2	0	0	0	0	0	0	0	0	0	0	0	0	0	0	0	0	0	0	0
150011	3	0	0	0	0	0	0	0	0	0	0	0	0	0	0	0	0	0	0	0
150011	4	0	0	0	0	0	0	0	0	0	0	0	0	0	0	0	0	0	0	0
150012	1	0	0	0	0	0	0	0	0	0	0	0	0	0	0	0	0	0	0	0
150012	2	0	0	0	0	0	0	0	0	0	0	0	0	0	0	0	0	0	0	0
150012	3	0	0	0	0	0	0	0	0	0	0	0	0	0	0	0	0	0	0	0
150012	4	0	0	0	0	0	0	0	0	0	0	0	0	0	0	0	0	0	0	0
150013	1	1	0	3	10	1	4	0	0	8,1	0	0	0	0	0	0	0	0	0	0
150013	2	1	0	3	10	1	4	0	0	18,1	0	0	0	0	0	0	0	0	0	0
150013	3	0	0	0	0	0	0	0	0	0	0	0	0	0	0	0	0	0	0	0
150013	4	0	0	0	0	0	0	0	0	0	0	0	0	0	0	0	0	0	0	0
150014	1	1	0	3	10	1	4	0	0	14,1	0	0	0	0	0	0	0	0	0	0
150014	2	2	0	1	1	1	1	0	0	2,7	1	0	0	0	0	0	0	0	0	0
150014	3	3	0	1	4	1	11	0	0	40,1	1	0	0	0	0	0	0	0	0	0
150014	4	0	0	0	0	0	0	0	0	0	0	0	0	0	0	0	0	0	0	0
150015	1	1	0	3	10	1	4	0	0	20,1	0	0	0	0	0	0	0	0	0	0
150015	2	0	0	0	0	0	0	0	0	0	0	0	0	0	0	0	0	0	0	0
150015	3	0	0	0	0	0	0	0	0	0	0	0	0	0	0	0	0	0	0	0
150015	4	0	0	0	0	0	0	0	0	0	0	0	0	0	0	0	0	0	0	0
150016	1	0	0	0	0	0	0	0	0	0	0	0	0	0	0	0	0	0	0	0
150016	2	0	0	0	0	0	0	0	0	0	0	0	0	0	0	0	0	0	0	0
150016	3	0	0	0	0	0	0	0	0	0	0	0	0	0	0	0	0	0	0	0
150016	4	0	0	0	0	0	0	0	0	0	0	0	0	0	0	0	0	0	0	0
150017	1	1	0	3	10	1	4	0	0	27,1	0	0	0	0	0	0	0	0	0	0
150017	2	0	0	0	0	0	0	0	0	0	0	0	0	0	0	0	0	0	0	0
150017	3	0	0	0	0	0	0	0	0	0	0	0	0	0	0	0	0	0	0	0
150017	4	0	0	0	0	0	0	0	0	0	0	0	0	0	0	0	0	0	0	0
150018	1	30	1	1	1	1	4	0	0	1,1#2,1	1	0	0	0	0	0	0	0	0	0
150018	2	0	0	0	0	0	0	0	0	0	0	0	0	0	0	0	0	0	0	0
150018	3	0	0	0	0	0	0	0	0	0	0	0	0	0	0	0	0	0	0	0
150018	4	0	0	0	0	0	0	0	0	0	0	0	0	0	0	0	0	0	0	0
150019	1	31	4	0	0	0	0	0	0	0	0	0	0	0	0	0	0	0	0	0
150019	2	0	0	0	0	0	0	0	0	0	0	0	0	0	0	0	0	0	0	0
150019	3	0	0	0	0	0	0	0	0	0	0	0	0	0	0	0	0	0	0	0
150019	4	0	0	0	0	0	0	0	0	0	0	0	0	0	0	0	0	0	0	0
150020	1	13	0	1	1	1	4	9	35,1	1,1#2,1	1	0	0	0	0	0	0	0	0	0
150020	2	0	0	0	0	0	0	0	0	0	0	0	0	0	0	0	0	0	0	0
150020	3	0	0	0	0	0	0	0	0	0	0	0	0	0	0	0	0	0	0	0
150020	4	0	0	0	0	0	0	0	0	0	0	0	0	0	0	0	0	0	0	0
150021	1	30	0	2	1	3	2	0	0	1,3,1#2,3,1	1	0	0	0	0	0	0	0	0	0
150021	2	0	0	0	0	0	0	0	0	0	0	0	0	0	0	0	0	0	0	0
150021	3	0	0	0	0	0	0	0	0	0	0	0	0	0	0	0	0	0	0	0
150021	4	0	0	0	0	0	0	0	0	0	0	0	0	0	0	0	0	0	0	0
150022	1	1	0	3	10	1	4	0	0	25,1	0	0	0	0	0	0	0	0	0	0
150022	2	1	0	3	1	1	2	10	1,1010#1,1004	1,1#2,1	0	0	0	0	0	0	0	0	0	0
150022	3	1	0	3	13	1	2	10	1,1010#1,1004	14,1	0	0	0	0	0	0	0	0	0	0
150022	4	0	0	0	0	0	0	0	0	0	0	0	0	0	0	0	0	0	0	0
150023	1	1	0	3	10	1	4	0	0	27,1	0	0	0	0	0	0	0	0	0	0
150023	2	6	0	1	1	1	4	0	0	3,1	1	0	0	0	0	0	0	0	0	0
150023	3	0	0	0	0	0	0	0	0	0	0	0	0	0	0	0	0	0	0	0
150023	4	0	0	0	0	0	0	0	0	0	0	0	0	0	0	0	0	0	0	0
150024	1	0	0	0	0	0	0	0	0	0	0	0	0	0	0	0	0	0	0	0
150024	2	0	0	0	0	0	0	0	0	0	0	0	0	0	0	0	0	0	0	0
150024	3	0	0	0	0	0	0	0	0	0	0	0	0	0	0	0	0	0	0	0
150024	4	0	0	0	0	0	0	0	0	0	0	0	0	0	0	0	0	0	0	0
150025	1	31	0	1	1	2	2	8	0	3,-2	1	0	0	0	0	0	0	0	0	0
150025	2	0	0	0	0	0	0	0	0	0	0	0	0	0	0	0	0	0	0	0
150025	3	0	0	0	0	0	0	0	0	0	0	0	0	0	0	0	0	0	0	0
150025	4	0	0	0	0	0	0	0	0	0	0	0	0	0	0	0	0	0	0	0
150026	1	6	0	1	1	1	4	0	0	1,1#2,1	1	0	0	0	0	0	0	0	0	0
150026	2	0	0	0	0	0	0	0	0	0	0	0	0	0	0	0	0	0	0	0
150026	3	0	0	0	0	0	0	0	0	0	0	0	0	0	0	0	0	0	0	0
150026	4	0	0	0	0	0	0	0	0	0	0	0	0	0	0	0	0	0	0	0
150027	1	98	0	3	0	0	0	0	0	98,1	0	0	0	0	0	0	0	0	0	0
150027	2	1	0	3	10	1	4	0	0	14,1	0	0	0	0	0	0	0	0	0	0
150027	3	27	0	1	3	1	7	9	0	21,190004	1	0	0	0	0	0	0	0	0	0
150027	4	0	0	0	0	0	0	0	0	0	0	0	0	0	0	0	0	0	0	0
150028	1	98	0	3	0	0	0	0	0	98,1	0	0	0	0	0	0	0	0	0	0
150028	2	1	0	3	10	1	4	0	0	24,1	0	0	0	0	0	0	0	0	0	0
150028	3	1	0	3	10	1	4	0	0	18,1	0	0	0	0	0	0	0	0	0	0
150028	4	30	3	1	1	3	2	8	0	3,1	1	0	0	0	0	0	0	0	0	0
200000	1	25	0	1	4	3	11	9	0	40,1	1	0	0	0	0	0	0	0	0	0
200000	2	0	0	0	0	0	0	0	0	0	0	0	0	0	0	0	0	0	0	0
200000	3	0	0	0	0	0	0	0	0	0	0	0	0	0	0	0	0	0	0	0
200000	4	0	0	0	0	0	0	0	0	0	0	0	0	0	0	0	0	0	0	0
210000	1	0	0	0	0	0	0	0	0	0	0	0	0	0	0	0	0	0	0	0
210000	2	0	0	0	0	0	0	0	0	0	0	0	0	0	0	0	0	0	0	0
210000	3	0	0	0	0	0	0	0	0	0	0	0	0	0	0	0	0	0	0	0
210000	4	0	0	0	0	0	0	0	0	0	0	0	0	0	0	0	0	0	0	0
210001	1	0	0	0	0	0	0	0	0	0	0	0	0	0	0	0	0	0	0	0
210001	2	0	0	0	0	0	0	0	0	0	0	0	0	0	0	0	0	0	0	0
210001	3	0	0	0	0	0	0	0	0	0	0	0	0	0	0	0	0	0	0	0
210001	4	0	0	0	0	0	0	0	0	0	0	0	0	0	0	0	0	0	0	0
210002	1	1	0	3	13	1	2	2	0	12,1	0	0	0	0	0	0	0	0	0	0
210002	2	0	0	0	0	0	0	0	0	0	0	0	0	0	0	0	0	0	0	0
210002	3	0	0	0	0	0	0	0	0	0	0	0	0	0	0	0	0	0	0	0
210002	4	0	0	0	0	0	0	0	0	0	0	0	0	0	0	0	0	0	0	0
210003	1	6	0	1	1	1	2	2	0	3,1	1	0	0	0	0	0	0	0	0	0
210003	2	0	0	0	0	0	0	0	0	0	0	0	0	0	0	0	0	0	0	0
210003	3	0	0	0	0	0	0	0	0	0	0	0	0	0	0	0	0	0	0	0
210003	4	0	0	0	0	0	0	0	0	0	0	0	0	0	0	0	0	0	0	0
210004	1	31	3	1	3	1	7	9	0	21,190000	1	0	0	0	0	0	0	0	0	0
210004	2	0	0	0	0	0	0	0	0	0	0	0	0	0	0	0	0	0	0	0
210004	3	0	0	0	0	0	0	0	0	0	0	0	0	0	0	0	0	0	0	0
210004	4	0	0	0	0	0	0	0	0	0	0	0	0	0	0	0	0	0	0	0
210005	1	0	0	0	0	0	0	0	0	0	0	0	0	0	0	0	0	0	0	0
210005	2	0	0	0	0	0	0	0	0	0	0	0	0	0	0	0	0	0	0	0
210005	3	0	0	0	0	0	0	0	0	0	0	0	0	0	0	0	0	0	0	0
210005	4	0	0	0	0	0	0	0	0	0	0	0	0	0	0	0	0	0	0	0
220000	1	0	0	0	0	0	0	0	0	0	0	0	0	0	0	0	0	0	0	0
220000	2	0	0	0	0	0	0	0	0	0	0	0	0	0	0	0	0	0	0	0
220000	3	0	0	0	0	0	0	0	0	0	0	0	0	0	0	0	0	0	0	0
220000	4	0	0	0	0	0	0	0	0	0	0	0	0	0	0	0	0	0	0	0
220001	1	0	0	0	0	0	0	0	0	0	0	0	0	0	0	0	0	0	0	0
220001	2	0	0	0	0	0	0	0	0	0	0	0	0	0	0	0	0	0	0	0
220001	3	0	0	0	0	0	0	0	0	0	0	0	0	0	0	0	0	0	0	0
220001	4	0	0	0	0	0	0	0	0	0	0	0	0	0	0	0	0	0	0	0
220002	1	0	0	0	0	0	0	0	0	0	0	0	0	0	0	0	0	0	0	0
220002	2	0	0	0	0	0	0	0	0	0	0	0	0	0	0	0	0	0	0	0
220002	3	0	0	0	0	0	0	0	0	0	0	0	0	0	0	0	0	0	0	0
220002	4	0	0	0	0	0	0	0	0	0	0	0	0	0	0	0	0	0	0	0
220003	1	0	0	0	0	0	0	0	0	0	0	0	0	0	0	0	0	0	0	0
220003	2	0	0	0	0	0	0	0	0	0	0	0	0	0	0	0	0	0	0	0
220003	3	0	0	0	0	0	0	0	0	0	0	0	0	0	0	0	0	0	0	0
220003	4	0	0	0	0	0	0	0	0	0	0	0	0	0	0	0	0	0	0	0
220004	1	0	0	0	0	0	0	0	0	0	0	0	0	0	0	0	0	0	0	0
220004	2	0	0	0	0	0	0	0	0	0	0	0	0	0	0	0	0	0	0	0
220004	3	0	0	0	0	0	0	0	0	0	0	0	0	0	0	0	0	0	0	0
220004	4	0	0	0	0	0	0	0	0	0	0	0	0	0	0	0	0	0	0	0
220005	1	0	0	0	0	0	0	0	0	0	0	0	0	0	0	0	0	0	0	0
220005	2	0	0	0	0	0	0	0	0	0	0	0	0	0	0	0	0	0	0	0
220005	3	0	0	0	0	0	0	0	0	0	0	0	0	0	0	0	0	0	0	0
220005	4	0	0	0	0	0	0	0	0	0	0	0	0	0	0	0	0	0	0	0
230000	1	0	0	0	0	0	0	0	0	0	0	0	0	0	0	0	0	0	0	0
230000	2	0	0	0	0	0	0	0	0	0	0	0	0	0	0	0	0	0	0	0
230000	3	0	0	0	0	0	0	0	0	0	0	0	0	0	0	0	0	0	0	0
230000	4	0	0	0	0	0	0	0	0	0	0	0	0	0	0	0	0	0	0	0
230001	1	27	0	1	1	1	1	0	0	3,-1	1	0	0	0	0	0	0	0	0	0
230001	2	0	0	0	0	0	0	0	0	0	0	0	0	0	0	0	0	0	0	0
230001	3	0	0	0	0	0	0	0	0	0	0	0	0	0	0	0	0	0	0	0
230001	4	0	0	0	0	0	0	0	0	0	0	0	0	0	0	0	0	0	0	0
230002	1	0	0	0	0	0	0	0	0	0	0	0	0	0	0	0	0	0	0	0
230002	2	0	0	0	0	0	0	0	0	0	0	0	0	0	0	0	0	0	0	0
230002	3	0	0	0	0	0	0	0	0	0	0	0	0	0	0	0	0	0	0	0
230002	4	0	0	0	0	0	0	0	0	0	0	0	0	0	0	0	0	0	0	0
240000	1	11	0	2	1	1	2	2	0	1,2,1	1	0	0	0	0	0	0	0	0	0
240000	2	11	0	2	13	1	2	2	0	12,1,1	1	0	0	0	0	0	0	0	0	0
240000	3	0	0	0	0	0	0	0	0	0	0	0	0	0	0	0	0	0	0	0
240000	4	0	0	0	0	0	0	0	0	0	0	0	0	0	0	0	0	0	0	0
240001	1	1	0	3	10	1	4	0	0	12,1	0	0	0	0	0	0	0	0	0	0
240001	2	1	0	3	10	1	4	0	0	13,1	0	0	0	0	0	0	0	0	0	0
240001	3	0	0	0	0	0	0	0	0	0	0	0	0	0	0	0	0	0	0	0
240001	4	0	0	0	0	0	0	0	0	0	0	0	0	0	0	0	0	0	0	0
250000	1	0	0	0	0	0	0	0	0	0	0	0	0	0	0	0	0	0	0	0
250000	2	0	0	0	0	0	0	0	0	0	0	0	0	0	0	0	0	0	0	0
250000	3	0	0	0	0	0	0	0	0	0	0	0	0	0	0	0	0	0	0	0
250000	4	0	0	0	0	0	0	0	0	0	0	0	0	0	0	0	0	0	0	0
250001	1	1	0	3	13	1	2	2	0	20,1	0	0	0	0	0	0	0	0	0	0
250001	2	0	0	0	0	0	0	0	0	0	0	0	0	0	0	0	0	0	0	0
250001	3	0	0	0	0	0	0	0	0	0	0	0	0	0	0	0	0	0	0	0
250001	4	0	0	0	0	0	0	0	0	0	0	0	0	0	0	0	0	0	0	0
250002	1	0	0	0	0	0	0	0	0	0	0	0	0	0	0	0	0	0	0	0
250002	2	0	0	0	0	0	0	0	0	0	0	0	0	0	0	0	0	0	0	0
250002	3	0	0	0	0	0	0	0	0	0	0	0	0	0	0	0	0	0	0	0
250002	4	0	0	0	0	0	0	0	0	0	0	0	0	0	0	0	0	0	0	0
310000	1	19	3	1	7	3	2	8	0	39,1	1	2	2	1	1	1	9	0	3,4	1
310000	2	0	0	0	0	0	0	0	0	0	0	0	0	0	0	0	0	0	0	0
310000	3	0	0	0	0	0	0	0	0	0	0	0	0	0	0	0	0	0	0	0
310000	4	0	0	0	0	0	0	0	0	0	0	0	0	0	0	0	0	0	0	0
310001	1	19	4	1	3	1	7	9	0	21,190001	2	0	0	0	0	0	0	0	0	0
310001	2	0	0	0	0	0	0	0	0	0	0	0	0	0	0	0	0	0	0	0
310001	3	0	0	0	0	0	0	0	0	0	0	0	0	0	0	0	0	0	0	0
310001	4	0	0	0	0	0	0	0	0	0	0	0	0	0	0	0	0	0	0	0
310002	1	19	6	1	5	3	2	9	0	41,1	1	0	0	0	0	0	0	0	0	0
310002	2	0	0	0	0	0	0	0	0	0	0	0	0	0	0	0	0	0	0	0
310002	3	0	0	0	0	0	0	0	0	0	0	0	0	0	0	0	0	0	0	0
310002	4	0	0	0	0	0	0	0	0	0	0	0	0	0	0	0	0	0	0	0
310003	1	19	7	1	3	1	7	9	0	21,190001	6	0	0	0	0	0	0	0	0	0
310003	2	0	0	0	0	0	0	0	0	0	0	0	0	0	0	0	0	0	0	0
310003	3	0	0	0	0	0	0	0	0	0	0	0	0	0	0	0	0	0	0	0
310003	4	0	0	0	0	0	0	0	0	0	0	0	0	0	0	0	0	0	0	0
320000	1	19	3	1	4	1	11	9	0	40,1	2	0	0	0	0	0	0	0	0	0
320000	2	0	0	0	0	0	0	0	0	0	0	0	0	0	0	0	0	0	0	0
320000	3	0	0	0	0	0	0	0	0	0	0	0	0	0	0	0	0	0	0	0
320000	4	0	0	0	0	0	0	0	0	0	0	0	0	0	0	0	0	0	0	0
320001	1	19	3	0	0	0	0	0	0	0	0	0	0	0	0	0	0	0	0	0
320001	2	0	0	0	0	0	0	0	0	0	0	0	0	0	0	0	0	0	0	0
320001	3	0	0	0	0	0	0	0	0	0	0	0	0	0	0	0	0	0	0	0
320001	4	0	0	0	0	0	0	0	0	0	0	0	0	0	0	0	0	0	0	0
320002	1	19	3	0	0	0	0	0	0	0	0	0	0	0	0	0	0	0	0	0
320002	2	0	0	0	0	0	0	0	0	0	0	0	0	0	0	0	0	0	0	0
320002	3	0	0	0	0	0	0	0	0	0	0	0	0	0	0	0	0	0	0	0
320002	4	0	0	0	0	0	0	0	0	0	0	0	0	0	0	0	0	0	0	0
320003	1	19	3	0	0	0	0	0	0	0	0	0	0	0	0	0	0	0	0	0
320003	2	0	0	0	0	0	0	0	0	0	0	0	0	0	0	0	0	0	0	0
320003	3	0	0	0	0	0	0	0	0	0	0	0	0	0	0	0	0	0	0	0
320003	4	0	0	0	0	0	0	0	0	0	0	0	0	0	0	0	0	0	0	0
320004	1	19	2	0	0	0	0	0	0	0	0	0	0	0	0	0	0	0	0	0
320004	2	0	0	0	0	0	0	0	0	0	0	0	0	0	0	0	0	0	0	0
320004	3	0	0	0	0	0	0	0	0	0	0	0	0	0	0	0	0	0	0	0
320004	4	0	0	0	0	0	0	0	0	0	0	0	0	0	0	0	0	0	0	0
320005	1	19	6	0	0	0	0	0	0	0	0	0	0	0	0	0	0	0	0	0
320005	2	0	0	0	0	0	0	0	0	0	0	0	0	0	0	0	0	0	0	0
320005	3	0	0	0	0	0	0	0	0	0	0	0	0	0	0	0	0	0	0	0
320005	4	0	0	0	0	0	0	0	0	0	0	0	0	0	0	0	0	0	0	0
320006	1	19	9	0	0	0	0	0	0	0	0	0	0	0	0	0	0	0	0	0
320006	2	0	0	0	0	0	0	0	0	0	0	0	0	0	0	0	0	0	0	0
320006	3	0	0	0	0	0	0	0	0	0	0	0	0	0	0	0	0	0	0	0
320006	4	0	0	0	0	0	0	0	0	0	0	0	0	0	0	0	0	0	0	0
320007	1	19	4	0	0	0	0	0	0	0	0	0	0	0	0	0	0	0	0	0
320007	2	0	0	0	0	0	0	0	0	0	0	0	0	0	0	0	0	0	0	0
320007	3	0	0	0	0	0	0	0	0	0	0	0	0	0	0	0	0	0	0	0
320007	4	0	0	0	0	0	0	0	0	0	0	0	0	0	0	0	0	0	0	0
320008	1	19	5	0	0	0	0	0	0	0	0	0	0	0	0	0	0	0	0	0
320008	2	0	0	0	0	0	0	0	0	0	0	0	0	0	0	0	0	0	0	0
320008	3	0	0	0	0	0	0	0	0	0	0	0	0	0	0	0	0	0	0	0
320008	4	0	0	0	0	0	0	0	0	0	0	0	0	0	0	0	0	0	0	0
330000	1	19	3	1	1	3	2	8	0	1,-2#2,-2	1	0	0	0	0	0	0	0	0	0
330000	2	0	0	0	0	0	0	0	0	0	0	0	0	0	0	0	0	0	0	0
330000	3	0	0	0	0	0	0	0	0	0	0	0	0	0	0	0	0	0	0	0
330000	4	0	0	0	0	0	0	0	0	0	0	0	0	0	0	0	0	0	0	0
330001	1	19	4	1	4	2	11	9	4,1	40,2	2	0	0	0	0	0	0	0	0	0
330001	2	0	0	0	0	0	0	0	0	0	0	0	0	0	0	0	0	0	0	0
330001	3	0	0	0	0	0	0	0	0	0	0	0	0	0	0	0	0	0	0	0
330001	4	0	0	0	0	0	0	0	0	0	0	0	0	0	0	0	0	0	0	0
330002	1	19	2	1	5	1	2	8	0	41,1	1	2	2	4	1	11	9	0	40,1	2
330002	2	0	0	0	0	0	0	0	0	0	0	0	0	0	0	0	0	0	0	0
330002	3	0	0	0	0	0	0	0	0	0	0	0	0	0	0	0	0	0	0	0
330002	4	0	0	0	0	0	0	0	0	0	0	0	0	0	0	0	0	0	0	0
330003	1	19	2	0	0	0	0	0	0	0	0	0	0	0	0	0	0	0	0	0
330003	2	0	0	0	0	0	0	0	0	0	0	0	0	0	0	0	0	0	0	0
330003	3	0	0	0	0	0	0	0	0	0	0	0	0	0	0	0	0	0	0	0
330003	4	0	0	0	0	0	0	0	0	0	0	0	0	0	0	0	0	0	0	0
330004	1	19	5	1	1	3	3	8	0	3,-4	1	1	1	1	1	1	0	0	2,4	1
330004	2	0	0	0	0	0	0	0	0	0	0	0	0	0	0	0	0	0	0	0
330004	3	0	0	0	0	0	0	0	0	0	0	0	0	0	0	0	0	0	0	0
330004	4	0	0	0	0	0	0	0	0	0	0	0	0	0	0	0	0	0	0	0
330005	1	19	3	2	1	3	2	9	0	1,2,1#2,2,1	1	0	0	0	0	0	0	0	0	0
330005	2	0	0	0	0	0	0	0	0	0	0	0	0	0	0	0	0	0	0	0
330005	3	0	0	0	0	0	0	0	0	0	0	0	0	0	0	0	0	0	0	0
330005	4	0	0	0	0	0	0	0	0	0	0	0	0	0	0	0	0	0	0	0
330006	1	19	1	1	5	3	2	8	31,1#35,1	41,1	1	0	0	0	0	0	0	0	0	0
330006	2	0	0	0	0	0	0	0	0	0	0	0	0	0	0	0	0	0	0	0
330006	3	0	0	0	0	0	0	0	0	0	0	0	0	0	0	0	0	0	0	0
330006	4	0	0	0	0	0	0	0	0	0	0	0	0	0	0	0	0	0	0	0
330007	1	19	4	0	0	0	0	0	0	0	0	0	0	0	0	0	0	0	0	0
330007	2	0	0	0	0	0	0	0	0	0	0	0	0	0	0	0	0	0	0	0
330007	3	0	0	0	0	0	0	0	0	0	0	0	0	0	0	0	0	0	0	0
330007	4	0	0	0	0	0	0	0	0	0	0	0	0	0	0	0	0	0	0	0
330008	1	19	3	1	1	3	2	8	0	1,2#2,2	1	1	1	0	0	0	0	0	0	0
330008	2	0	0	0	0	0	0	0	0	0	0	0	0	0	0	0	0	0	0	0
330008	3	0	0	0	0	0	0	0	0	0	0	0	0	0	0	0	0	0	0	0
330008	4	0	0	0	0	0	0	0	0	0	0	0	0	0	0	0	0	0	0	0
330009	1	19	6	1	4	2	11	9	4,1	40,2	4	0	0	0	0	0	0	0	0	0
330009	2	0	0	0	0	0	0	0	0	0	0	0	0	0	0	0	0	0	0	0
330009	3	0	0	0	0	0	0	0	0	0	0	0	0	0	0	0	0	0	0	0
330009	4	0	0	0	0	0	0	0	0	0	0	0	0	0	0	0	0	0	0	0
340000	1	19	1	1	1	3	2	8	17,1	3,-3	1	0	0	0	0	0	0	0	0	0
340000	2	0	0	0	0	0	0	0	0	0	0	0	0	0	0	0	0	0	0	0
340000	3	0	0	0	0	0	0	0	0	0	0	0	0	0	0	0	0	0	0	0
340000	4	0	0	0	0	0	0	0	0	0	0	0	0	0	0	0	0	0	0	0
340001	1	19	5	1	1	2	1	9	0	3,-5	1	0	0	0	0	0	0	0	0	1
340001	2	0	0	0	0	0	0	0	0	0	0	0	0	0	0	0	0	0	0	0
340001	3	0	0	0	0	0	0	0	0	0	0	0	0	0	0	0	0	0	0	0
340001	4	0	0	0	0	0	0	0	0	0	0	0	0	0	0	0	0	0	0	0
340002	1	19	5	1	1	2	3	9	4,1	3,-1	3	0	0	0	0	0	0	0	0	0
340002	2	0	0	0	0	0	0	0	0	0	0	0	0	0	0	0	0	0	0	0
340002	3	0	0	0	0	0	0	0	0	0	0	0	0	0	0	0	0	0	0	0
340002	4	0	0	0	0	0	0	0	0	0	0	0	0	0	0	0	0	0	0	0
340003	1	19	1	2	13	3	2	8	0	31,1,1	1	0	0	0	0	0	0	0	0	0
340003	2	0	0	0	0	0	0	0	0	0	0	0	0	0	0	0	0	0	0	0
340003	3	0	0	0	0	0	0	0	0	0	0	0	0	0	0	0	0	0	0	0
340003	4	0	0	0	0	0	0	0	0	0	0	0	0	0	0	0	0	0	0	0
340004	1	19	3	1	11	2	1	9	0	34,-1	1	0	0	0	0	0	0	0	0	0
340004	2	0	0	0	0	0	0	0	0	0	0	0	0	0	0	0	0	0	0	0
340004	3	0	0	0	0	0	0	0	0	0	0	0	0	0	0	0	0	0	0	0
340004	4	0	0	0	0	0	0	0	0	0	0	0	0	0	0	0	0	0	0	0
340005	1	19	2	1	1	3	2	8	0	3,-2	1	2	2	1	2	1	9	0	3,-2	1
340005	2	0	0	0	0	0	0	0	0	0	0	0	0	0	0	0	0	0	0	0
340005	3	0	0	0	0	0	0	0	0	0	0	0	0	0	0	0	0	0	0	0
340005	4	0	0	0	0	0	0	0	0	0	0	0	0	0	0	0	0	0	0	0
340006	1	19	3	1	2	3	5	8	0	0	0	0	0	0	0	0	0	0	0	0
340006	2	0	0	0	0	0	0	0	0	0	0	0	0	0	0	0	0	0	0	0
340006	3	0	0	0	0	0	0	0	0	0	0	0	0	0	0	0	0	0	0	0
340006	4	0	0	0	0	0	0	0	0	0	0	0	0	0	0	0	0	0	0	0
340007	1	19	2	1	1	3	2	9	0	3,-2	1	0	0	0	0	0	0	0	0	0
340007	2	0	0	0	0	0	0	0	0	0	0	0	0	0	0	0	0	0	0	0
340007	3	0	0	0	0	0	0	0	0	0	0	0	0	0	0	0	0	0	0	0
340007	4	0	0	0	0	0	0	0	0	0	0	0	0	0	0	0	0	0	0	0
340008	1	19	6	1	1	2	2	9	0	3,-4	1	0	0	0	0	0	0	0	0	0
340008	2	0	0	0	0	0	0	0	0	0	0	0	0	0	0	0	0	0	0	0
340008	3	0	0	0	0	0	0	0	0	0	0	0	0	0	0	0	0	0	0	0
340008	4	0	0	0	0	0	0	0	0	0	0	0	0	0	0	0	0	0	0	0
340009	1	19	3	1	1	3	3	9	0	3,-3	1	0	0	0	0	0	0	0	0	0
340009	2	0	0	0	0	0	0	0	0	0	0	0	0	0	0	0	0	0	0	0
340009	3	0	0	0	0	0	0	0	0	0	0	0	0	0	0	0	0	0	0	0
340009	4	0	0	0	0	0	0	0	0	0	0	0	0	0	0	0	0	0	0	0
350000	1	19	2	1	11	1	1	9	0	34,1	1	0	0	0	0	0	0	0	0	0
350000	2	0	0	0	0	0	0	0	0	0	0	0	0	0	0	0	0	0	0	0
350000	3	0	0	0	0	0	0	0	0	0	0	0	0	0	0	0	0	0	0	0
350000	4	0	0	0	0	0	0	0	0	0	0	0	0	0	0	0	0	0	0	0
350001	1	19	2	1	1	3	2	8	0	1,2#2,2	1	0	0	0	0	0	0	0	0	0
350001	2	0	0	0	0	0	0	0	0	0	0	0	0	0	0	0	0	0	0	0
350001	3	0	0	0	0	0	0	0	0	0	0	0	0	0	0	0	0	0	0	0
350001	4	0	0	0	0	0	0	0	0	0	0	0	0	0	0	0	0	0	0	0
350002	1	19	5	2	1	1	2	9	0	1,3,1#2,3,1	1	0	0	0	0	0	0	0	0	0
350002	2	19	0	2	13	1	2	9	0	14,1,1	1	0	0	0	0	0	0	0	0	0
350002	3	0	0	0	0	0	0	0	0	0	0	0	0	0	0	0	0	0	0	0
350002	4	0	0	0	0	0	0	0	0	0	0	0	0	0	0	0	0	0	0	0
350003	1	19	2	0	0	0	0	0	0	0	0	0	0	0	0	0	0	0	0	0
350003	2	0	0	0	0	0	0	0	0	0	0	0	0	0	0	0	0	0	0	0
350003	3	0	0	0	0	0	0	0	0	0	0	0	0	0	0	0	0	0	0	0
350003	4	0	0	0	0	0	0	0	0	0	0	0	0	0	0	0	0	0	0	0
350004	1	19	4	1	1	1	1	8	0	3,8	1	0	0	0	0	0	0	0	0	0
350004	2	0	0	0	0	0	0	0	0	0	0	0	0	0	0	0	0	0	0	0
350004	3	0	0	0	0	0	0	0	0	0	0	0	0	0	0	0	0	0	0	0
350004	4	0	0	0	0	0	0	0	0	0	0	0	0	0	0	0	0	0	0	0
410000	1	19	2	1	3	1	7	9	0	21,190000	2	0	0	0	0	0	0	0	0	0
410000	2	0	0	0	0	0	0	0	0	0	0	0	0	0	0	0	0	0	0	0
410000	3	0	0	0	0	0	0	0	0	0	0	0	0	0	0	0	0	0	0	0
410000	4	0	0	0	0	0	0	0	0	0	0	0	0	0	0	0	0	0	0	0
410001	1	19	2	2	13	3	2	8	0	35,1,1	1	1	1	4	1	11	9	0	40,1	1
410001	2	0	0	0	0	0	0	0	0	0	0	0	0	0	0	0	0	0	0	0
410001	3	0	0	0	0	0	0	0	0	0	0	0	0	0	0	0	0	0	0	0
410001	4	0	0	0	0	0	0	0	0	0	0	0	0	0	0	0	0	0	0	0
410002	1	19	4	1	5	3	2	8	3,3	41,1	1	0	0	0	0	0	0	0	0	0
410002	2	0	0	0	0	0	0	0	0	0	0	0	0	0	0	0	0	0	0	0
410002	3	0	0	0	0	0	0	0	0	0	0	0	0	0	0	0	0	0	0	0
410002	4	0	0	0	0	0	0	0	0	0	0	0	0	0	0	0	0	0	0	0
410003	1	19	4	2	1	1	2	9	0	1,2,1#2,1,1	1	0	0	0	0	0	0	0	0	0
410003	2	0	0	0	0	0	0	0	0	0	0	0	0	0	0	0	0	0	0	0
410003	3	0	0	0	0	0	0	0	0	0	0	0	0	0	0	0	0	0	0	0
410003	4	0	0	0	0	0	0	0	0	0	0	0	0	0	0	0	0	0	0	0
410004	1	19	3	1	1	3	2	9	18,1	3,-2	1	0	0	0	0	0	0	0	0	0
410004	2	0	0	0	0	0	0	0	0	0	0	0	0	0	0	0	0	0	0	0
410004	3	0	0	0	0	0	0	0	0	0	0	0	0	0	0	0	0	0	0	0
410004	4	0	0	0	0	0	0	0	0	0	0	0	0	0	0	0	0	0	0	0
410005	1	19	4	1	1	3	2	8	18,1	3,-5	1	0	0	0	0	0	0	0	0	0
410005	2	0	0	0	0	0	0	0	0	0	0	0	0	0	0	0	0	0	0	0
410005	3	0	0	0	0	0	0	0	0	0	0	0	0	0	0	0	0	0	0	0
410005	4	0	0	0	0	0	0	0	0	0	0	0	0	0	0	0	0	0	0	0
410006	1	19	2	2	13	3	2	9	0	35,1,1	1	0	0	0	0	0	0	0	0	0
410006	2	19	0	1	4	1	11	0	0	40,1	1	0	0	0	0	0	0	0	0	0
410006	3	0	0	0	0	0	0	0	0	0	0	0	0	0	0	0	0	0	0	0
410006	4	0	0	0	0	0	0	0	0	0	0	0	0	0	0	0	0	0	0	0
410007	1	19	3	2	1	1	2	9	0	2,2,1	1	0	0	0	0	0	0	0	0	0
410007	2	0	0	0	0	0	0	0	0	0	0	0	0	0	0	0	0	0	0	0
410007	3	0	0	0	0	0	0	0	0	0	0	0	0	0	0	0	0	0	0	0
410007	4	0	0	0	0	0	0	0	0	0	0	0	0	0	0	0	0	0	0	0
410008	1	19	3	2	14	1	2	9	0	29,9999	1	0	0	0	0	0	0	0	0	0
410008	2	19	0	2	1	1	2	9	0	3,9999	1	0	0	0	0	0	0	0	0	0
410008	3	0	0	0	0	0	0	0	0	0	0	0	0	0	0	0	0	0	0	0
410008	4	0	0	0	0	0	0	0	0	0	0	0	0	0	0	0	0	0	0	0
420000	1	19	4	2	1	3	2	8	0	1,-7,1	1	0	0	0	0	0	0	0	0	0
420000	2	0	0	0	0	0	0	0	0	0	0	0	0	0	0	0	0	0	0	0
420000	3	0	0	0	0	0	0	0	0	0	0	0	0	0	0	0	0	0	0	0
420000	4	0	0	0	0	0	0	0	0	0	0	0	0	0	0	0	0	0	0	0
420001	1	19	3	0	0	0	0	0	0	0	0	0	0	0	0	0	0	0	0	0
420001	2	0	0	0	0	0	0	0	0	0	0	0	0	0	0	0	0	0	0	0
420001	3	0	0	0	0	0	0	0	0	0	0	0	0	0	0	0	0	0	0	0
420001	4	0	0	0	0	0	0	0	0	0	0	0	0	0	0	0	0	0	0	0
420002	1	19	1	2	1	3	2	8	0	1,-1,1	1	0	0	0	0	0	0	0	0	0
420002	2	19	0	1	4	1	11	0	0	40,1	1	0	0	0	0	0	0	0	0	0
420002	3	0	0	0	0	0	0	0	0	0	0	0	0	0	0	0	0	0	0	0
420002	4	0	0	0	0	0	0	0	0	0	0	0	0	0	0	0	0	0	0	0
420003	1	19	4	0	0	0	0	0	0	0	0	0	0	0	0	0	0	0	0	0
420003	2	0	0	0	0	0	0	0	0	0	0	0	0	0	0	0	0	0	0	0
420003	3	0	0	0	0	0	0	0	0	0	0	0	0	0	0	0	0	0	0	0
420003	4	0	0	0	0	0	0	0	0	0	0	0	0	0	0	0	0	0	0	0
420004	1	0	0	0	0	0	0	0	0	0	0	0	0	0	0	0	0	0	0	0
420004	2	19	1	1	4	1	11	0	0	40,1	1	0	0	0	0	0	0	0	0	0
420004	3	0	0	0	0	0	0	0	0	0	0	0	0	0	0	0	0	0	0	0
420004	4	0	0	0	0	0	0	0	0	0	0	0	0	0	0	0	0	0	0	0
420005	1	19	1	2	13	3	2	8	0	24,1,1	1	0	0	0	0	0	0	0	0	0
420005	2	0	0	0	0	0	0	0	0	0	0	0	0	0	0	0	0	0	0	0
420005	3	0	0	0	0	0	0	0	0	0	0	0	0	0	0	0	0	0	0	0
420005	4	0	0	0	0	0	0	0	0	0	0	0	0	0	0	0	0	0	0	0
420006	1	19	4	2	13	1	2	9	0	24,1,1	1	0	0	0	0	0	0	0	0	0
420006	2	0	0	0	0	0	0	0	0	0	0	0	0	0	0	0	0	0	0	0
420006	3	0	0	0	0	0	0	0	0	0	0	0	0	0	0	0	0	0	0	0
420006	4	0	0	0	0	0	0	0	0	0	0	0	0	0	0	0	0	0	0	0
420007	1	19	7	0	0	0	0	0	0	0	0	0	0	0	0	0	0	0	0	0
420007	2	0	0	0	0	0	0	0	0	0	0	0	0	0	0	0	0	0	0	0
420007	3	0	0	0	0	0	0	0	0	0	0	0	0	0	0	0	0	0	0	0
420007	4	0	0	0	0	0	0	0	0	0	0	0	0	0	0	0	0	0	0	0
430000	1	19	4	2	1	3	2	8	0	1,-1,1#2,-1,1	1	0	0	0	0	0	0	0	0	0
430000	2	19	0	1	4	1	11	0	0	40,1	1	0	0	0	0	0	0	0	0	0
430000	3	0	0	0	0	0	0	0	0	0	0	0	0	0	0	0	0	0	0	0
430000	4	0	0	0	0	0	0	0	0	0	0	0	0	0	0	0	0	0	0	0
430001	1	19	2	1	5	3	2	8	30,1#31,1#32,1#34,1#35,1	41,1	1	0	0	0	0	0	0	0	0	0
430001	2	0	0	0	0	0	0	0	0	0	0	0	0	0	0	0	0	0	0	0
430001	3	0	0	0	0	0	0	0	0	0	0	0	0	0	0	0	0	0	0	0
430001	4	0	0	0	0	0	0	0	0	0	0	0	0	0	0	0	0	0	0	0
440000	1	19	1	1	1	3	2	8	0	3,-2	1	0	0	0	0	0	0	0	0	0
440000	2	0	0	0	0	0	0	0	0	0	0	0	0	0	0	0	0	0	0	0
440000	3	0	0	0	0	0	0	0	0	0	0	0	0	0	0	0	0	0	0	0
440000	4	0	0	0	0	0	0	0	0	0	0	0	0	0	0	0	0	0	0	0
440001	1	19	2	2	1	3	2	8	0	1,3,1	1	0	0	0	0	0	0	0	0	0
440001	2	19	0	2	13	1	2	9	0	12,1,1	1	0	0	0	0	0	0	0	0	0
440001	3	0	0	0	0	0	0	0	0	0	0	0	0	0	0	0	0	0	0	0
440001	4	0	0	0	0	0	0	0	0	0	0	0	0	0	0	0	0	0	0	0
440002	1	19	2	1	1	3	2	8	0	3,-3	1	0	0	0	0	0	0	0	0	0
440002	2	0	0	0	0	0	0	0	0	0	0	0	0	0	0	0	0	0	0	0
440002	3	0	0	0	0	0	0	0	0	0	0	0	0	0	0	0	0	0	0	0
440002	4	0	0	0	0	0	0	0	0	0	0	0	0	0	0	0	0	0	0	0
440003	1	19	1	2	1	1	2	9	0	1,1,1	1	0	0	0	0	0	0	0	0	0
440003	2	0	0	0	0	0	0	0	0	0	0	0	0	0	0	0	0	0	0	0
440003	3	0	0	0	0	0	0	0	0	0	0	0	0	0	0	0	0	0	0	0
440003	4	0	0	0	0	0	0	0	0	0	0	0	0	0	0	0	0	0	0	0
440004	1	19	2	1	4	1	11	9	0	40,2	10	1	1	4	1	11	9	0	40,1	2
440004	2	0	0	0	0	0	0	0	0	0	0	0	0	0	0	0	0	0	0	0
440004	3	0	0	0	0	0	0	0	0	0	0	0	0	0	0	0	0	0	0	0
440004	4	0	0	0	0	0	0	0	0	0	0	0	0	0	0	0	0	0	0	0
440005	1	19	3	2	1	3	2	8	0	1,5,1	1	0	0	0	0	0	0	0	0	0
440005	2	0	0	0	0	0	0	0	0	0	0	0	0	0	0	0	0	0	0	0
440005	3	0	0	0	0	0	0	0	0	0	0	0	0	0	0	0	0	0	0	0
440005	4	0	0	0	0	0	0	0	0	0	0	0	0	0	0	0	0	0	0	0
450000	1	19	1	1	14	3	2	8	0	29,1	1	1	1	1	1	1	9	0	3,6	1
450000	2	0	0	0	0	0	0	0	0	0	0	0	0	0	0	0	0	0	0	0
450000	3	0	0	0	0	0	0	0	0	0	0	0	0	0	0	0	0	0	0	0
450000	4	0	0	0	0	0	0	0	0	0	0	0	0	0	0	0	0	0	0	0
450001	1	19	1	1	5	3	15	8	0	41,1	1	0	0	0	0	0	0	0	0	0
450001	2	0	0	0	0	0	0	0	0	0	0	0	0	0	0	0	0	0	0	0
450001	3	0	0	0	0	0	0	0	0	0	0	0	0	0	0	0	0	0	0	0
450001	4	0	0	0	0	0	0	0	0	0	0	0	0	0	0	0	0	0	0	0
450002	1	19	1	2	1	3	2	8	0	1,3,1#2,3,1	1	0	0	0	0	0	0	0	0	0
450002	2	0	0	0	0	0	0	0	0	0	0	0	0	0	0	0	0	0	0	0
450002	3	0	0	0	0	0	0	0	0	0	0	0	0	0	0	0	0	0	0	0
450002	4	0	0	0	0	0	0	0	0	0	0	0	0	0	0	0	0	0	0	0
450003	1	19	2	1	5	3	2	8	8,10	41,1	1	0	0	0	0	0	0	0	0	0
450003	2	0	0	0	0	0	0	0	0	0	0	0	0	0	0	0	0	0	0	0
450003	3	0	0	0	0	0	0	0	0	0	0	0	0	0	0	0	0	0	0	0
450003	4	0	0	0	0	0	0	0	0	0	0	0	0	0	0	0	0	0	0	0
450004	1	19	3	2	13	3	2	8	0	24,1,1	1	0	0	0	0	0	0	0	0	0
450004	2	19	0	2	13	3	2	8	0	18,1,1	1	0	0	0	0	0	0	0	0	0
450004	3	0	0	0	0	0	0	0	0	0	0	0	0	0	0	0	0	0	0	0
450004	4	0	0	0	0	0	0	0	0	0	0	0	0	0	0	0	0	0	0	0