id	text	shape	model	no_model	effect	legend	sacrifice	blink	race1	race2	race3	derive	type	version	qlt	cost	atk	health	class1	class2	team	finity	skill_id	keyword	position	usephase	ATK_PRI	DEF_PRI	ComeINAi	AiTar1
int	int	int	int	int	string	int	int	int	int	int	int	int	int	int	int	int	int	int	int	int	int	int	string	string	int	int	int	int	int	int
100000	100000	1	50122	0	0	0	0	0	0	0	0	0	1	1	1	1	2	1	1048	1030	100000	4	0	0	11	1	9	0	2	0
100001	100001	1	50122	0	0	0	0	0	0	0	0	0	1	1	2	3	2	3	1048	1030	100001	4	1000011	223	11	1	7	0	2	0
100002	100002	4	50122	0	0	0	0	0	0	0	0	0	1	1	1	3	3	5	1048	1030	100002	4	35,1000021	35,212	11	1	8	0	4	0
100003	100003	1	50122	0	0	0	0	0	0	0	0	0	1	1	2	4	0	6	1048	1030	100003	4	1000031	0	11	1	9	0	2	0
100004	100004	3	50122	0	0	0	0	0	0	0	0	0	1	1	2	5	4	8	1048	1030	100004	4	35	35	11	1	8	0	4	0
100005	100005	2	50122	0	0	0	0	0	0	0	0	0	1	1	1	2	3	1	1048	1030	100005	4	25,12	25,12	11	1	8	0	4	0
100006	100006	1	50122	0	0	0	0	0	0	0	0	0	1	1	1	3	5	5	1048	1030	100006	4	1000061	0	11	1	9	0	2	0
100007	100007	2	50122	0	0	0	0	0	0	0	0	0	1	1	1	4	5	4	1048	1030	100007	4	26	26	11	1	9	0	2	0
100008	100008	1	50122	0	0	0	0	0	0	0	0	0	1	1	2	5	4	4	1048	1030	100008	4	1000081	212	11	1	9	0	2	0
100009	100009	1	50122	0	0	0	0	0	0	0	0	0	1	1	2	6	5	3	1048	1030	100009	4	10	10	31	1	9	0	1	0
100010	100010	4	50122	0	0	0	0	0	0	0	0	0	1	1	2	4	4	3	1048	1030	100010	4	1000101	212	11	1	8	0	2	0
100011	100011	1	50122	0	0	0	0	0	0	0	0	0	1	1	3	5	5	2	1048	1030	100011	4	1000111	0	11	1	9	0	2	0
100012	100012	4	50122	0	0	1	0	0	0	0	0	0	1	1	4	8	8	8	1048	1030	100012	4	14,1000121	208,14,221	11	1	9	0	4	0
100013	100013	500	50131	0	0	0	0	0	0	0	0	0	1	1	1	1	0	5	1048		100013	4	25,35	25,35	11	1	7	0	4	0
100014	100014	104	50033	0	0	0	0	0	0	0	0	0	1	1	3	6	0	8	1048		100014	4	25,35,1000141	25,35	11	1	9	0	1	0
100015	100015	104	50033	0	0	0	0	0	0	0	0	0	1	1	3	6	0	8	1048	0	100015	4	25,35,1000151	25,35	11	1	9	0	1	0
100016	100016	105	50122	0	0	0	0	0	0	0	0	0	1	1	1	2	2	2	1048	1030	100016	4	0	0	11	1	7	0	2	0
100017	100017	105	50122	0	0	0	0	0	0	0	0	0	1	1	1	3	3	4	1048	1030	100017	4	26	26	11	1	7	0	2	0
100018	100018	102	50131	0	0	0	0	0	0	0	0	0	1	1	3	4	0	5	1048	1053	100018	4	25,35,1000181	25,35	11	1	9	0	2	0
100019	100019	103	50131	0	0	0	0	0	0	0	0	0	1	1	3	2	0	2	1048	1053	100019	4	25,35,1000191	25,35	11	1	9	0	2	0
100020	100020	301	50131	0	0	0	0	0	0	0	0	0	1	1	3	5	0	5	1048	1053	100020	4	25,35,1000201	25,35	11	1	9	0	2	0
100021	100021	400	50131	0	0	0	0	0	0	0	0	0	1	1	3	3	0	3	1048	1053	100021	4	25,35,1000211,1000212	25,35	11	1	9	0	2	0
100022	100022	100	50131	0	0	0	0	0	0	0	0	0	1	1	3	4	0	4	1048	1053	100022	4	25,35,1000221	25,35	11	1	9	0	2	0
100023	100023	3	50122	0	0	0	0	0	0	0	0	0	1	100	2	4	1	2	1048	1054	190019	4	42	0	11	1	7	0	4	0
110000	110000	104	50009	0	0	0	0	0	1	0	0	0	1	1	1	1	1	2	1009		110000	4	12	12	11	1	7	0	2	0
110001	110001	105	50010	0	0	0	0	0	1	0	0	0	1	1	1	1	2	1	1000	1032	110001	4	1100011	6	11	1	7	0	2	0
110002	110002	100	50011	0	0	0	0	0	1	1	0	0	1	1	3	2	2	2	1026		110002	4	8,9,1100021	8,9	11	1	7	0	2	0
110003	110003	104	50012	0	0	0	0	0	1	0	0	0	1	1	1	2	1	3	1000	1032	110003	4	1100031	211	11	1	7	0	4	4
110004	110004	100	50013	0	0	0	0	0	1	0	0	0	1	1	1	2	1	3	1000	1037	110004	4	1100041	0	11	1	7	0	4	0
110005	110005	105	50015	0	0	0	0	0	1	0	0	0	1	1	1	3	1	4	1000	1032	110005	4	1100051	211,6	11	1	8	0	4	4
110006	110006	105	50038	0	0	0	0	0	1	0	0	0	1	1	2	3	2	3	1000	1032	110006	4	1100061	223	11	1	7	0	2	0
110007	110007	103	50016	0	0	0	0	0	1	0	0	0	1	1	2	2	2	2	1000	1035	110007	4	1100071	211,39	11	1	7	0	2	6
110008	110008	104	50038	0	0	0	0	0	1	0	0	0	1	1	2	3	3	2	1000	1032	110008	4	1100081	223	11	1	7	0	2	0
110009	110009	106	50018	0	0	0	0	0	1	0	0	0	1	1	2	3	2	3	1000	1039	110009	4	12,27	12,27	11	3	0	9	2	0
110010	110010	103	50019	0	0	0	0	0	1	0	0	0	1	1	1	3	1	5	1000	1037	110010	4	1100101	211	11	1	7	0	2	0
110011	110011	104	50020	0	0	0	0	0	1	1	0	0	1	1	2	2	2	2	1000	1032	110011	4	12,20	12,20	11	1	8	0	2	0
110012	110012	101	50021	0	0	0	0	0	1	1	0	0	1	1	3	3	3	2	1000	1036	110012	4	12,27,1100121	12,27	11	3	0	9	2	0
110013	110013	106	50024	0	0	0	0	0	1	1	0	0	1	1	1	4	3	5	1000	1032	110013	4	1100131	211	11	1	7	0	2	0
110014	110014	102	50023	0	0	0	0	0	1	1	0	0	1	1	2	3	3	3	1024		110014	4	8,12	8,12	11	1	9	0	2	0
110015	110015	100	50022	0	0	0	0	0	1	1	0	0	1	1	2	4	2	4	1000	1032	110015	4	1100151	224	11	1	7	0	2	0
110016	110016	101	50025	0	0	0	0	0	1	1	0	0	1	1	2	4	3	3	1000	1036	110016	4	12,1100161	12	11	1	7	0	2	0
110017	110017	103	50026	0	0	0	0	0	1	1	0	0	1	1	3	4	2	6	1000	1037	110017	4	1100171	0	11	1	7	0	2	0
110018	110018	105	50039	0	0	0	0	0	1	0	0	0	1	1	1	5	5	5	1000	1032	110018	4	1100181	6	11	1	9	0	4	0
110019	110019	102	50028	0	0	0	0	0	1	0	0	0	1	1	2	6	4	5	1024		110019	4	8,1100191	8,6	11	1	9	0	2	0
110020	110020	102	50029	0	0	0	0	0	1	1	0	0	1	1	3	3	2	3	1024		110020	4	8,1100201	8,221	11	1	9	0	2	8
110021	110021	103	50030	0	0	1	0	0	1	1	0	0	1	1	4	6	5	5	1026		110021	4	8,9,1100211	208,8,9	11	1	7	0	2	0
110022	110022	104	50039	0	0	0	0	0	1	1	0	0	1	1	3	6	3	4	1000	1032	110022	4	1100221,1100222	6,211	11	1	9	0	2	0
110023	110023	103	50032	0	0	0	0	0	1	1	0	0	1	1	3	7	5	9	1021		110023	4	8,1100231	8	11	1	7	0	2	0
110024	110024	104	50033	0	0	0	0	0	1	1	0	0	1	1	4	7	0	8	1048	1030	110024	4	25,35,1100241	25,35	11	1	7	0	2	0
110025	110025	100	50034	0	0	0	0	0	1	1	0	0	1	1	3	8	7	7	1026		110025	4	8,27,1100251	8,27,211	11	3	0	7	4	0
110026	110026	100	50035	0	0	0	0	0	1	1	0	0	1	1	3	7	7	7	1026		110026	4	8,27,9,35,1100261	9,35,28	11	3	8	0	2	0
110027	110027	100	50036	0	0	1	0	0	1	1	0	0	1	1	4	4	2	2	1000	1034	110027	4	1100271,1100272	208,28	11	1	8	0	4	0
110028	110028	100	50013	0	0	0	0	0	1	0	0	0	1	1	1	1	1	2	1050	1052	110028	4	1100281	211	11	1	8	0	4	2
110029	110029	100	50013	0	0	0	0	0	1	0	0	0	1	1	1	2	1	3	1050	1052	110029	4	1100291	210	11	1	8	0	4	2
110030	110030	100	50013	0	0	0	0	0	1	0	0	0	1	1	1	3	1	5	1050	1052	110030	4	1100301	0	11	1	8	0	4	0
110031	110031	100	50018	0	0	0	0	0	1	0	0	0	1	1	2	2	2	2	1050	1038	110031	4	1100311	0	11	1	8	0	4	0
110032	110032	100	50019	0	0	0	0	0	1	0	0	0	1	1	2	5	2	6	1050	1052	110032	4	1100321	0	11	1	8	0	4	0
110033	110033	100	50025	0	0	0	0	0	1	0	0	0	1	1	2	3	1	3	1050	1038	110033	4	1100331	0	11	1	8	0	4	0
110034	110034	100	50026	0	0	0	0	0	1	0	0	0	1	1	2	3	2	3	1000	1037	110034	4	1100341	211	11	1	8	0	4	0
110035	110035	100	50033	0	0	0	0	0	1	0	0	0	1	1	2	4	2	4	1048		110035	4	1100351	210	11	1	8	0	4	8
110036	110036	100	50026	0	0	0	0	0	1	1	0	0	1	1	3	4	0	4	1000	1037	110036	4	1100361	0	11	1	8	0	4	0
110037	110037	100	50013	0	0	0	0	0	1	0	0	0	1	1	3	3	3	2	1050	1037	110037	4	27,1100371	211,27	11	3	7	8	4	0
110038	110038	100	50011	0	0	0	0	0	1	1	0	0	1	1	3	7	5	6	1026		110038	4	8,1100381	8	11	1	8	0	4	0
110039	110039	105	50014	0	0	0	0	0	1	0	0	0	1	1	1	2	2	3	1000	1032	110039	4	0	0	11	1	7	0	2	0
110040	110040	105	50027	0	0	0	0	0	1	0	0	0	1	1	1	3	2	5	1000	1032	110040	4	0	0	11	1	7	0	2	0
110041	110041	105	50018	0	0	0	0	0	1	0	0	0	1	1	1	2	2	2	1000	1032	110041	4	9	9	11	1	7	0	2	0
110042	110042	105	50013	0	0	0	0	0	1	0	0	0	1	1	1	1	0	3	1000		110042	4	1100421	211	11	1	7	0	4	0
110043	110043	105	50009	0	0	0	0	0	1	0	0	0	1	1	1	2	2	2	1009		110043	4	27,1100431	27,211	11	3	0	7	4	0
120000	120000	200	50023	0	0	0	0	0	2	0	0	0	1	1	1	1	1	2	1024		120000	4	8	8	11	1	9	0	2	0
120001	120001	200	50016	0	0	0	0	0	2	0	0	0	1	1	1	3	1	4	1003	1035	120001	4	1200011	210	11	1	7	0	2	0
120002	120002	200	50122	0	0	0	0	0	2	0	0	0	1	1	1	2	2	5	1048	1030	120002	4	25,35	25,35	11	1	8	0	4	0
120003	120003	200	50023	0	0	0	0	0	2	0	0	0	1	1	1	2	1	1	1024		120003	4	8,1200031	8,212	11	1	9	0	2	0
120004	120004	201	50016	0	0	0	0	0	2	0	0	0	1	1	1	3	2	3	1001	1035	120004	4	1200041	211	11	1	9	0	2	0
120005	120005	201	50016	0	0	0	0	0	2	2	0	0	1	1	2	3	2	2	1003	1035	120005	4	1200051	211	11	1	7	0	2	9
120006	120006	201	50016	0	0	0	0	0	2	0	0	0	1	1	1	3	1	4	1003	1035	120006	4	1200061	0	11	1	8	0	2	0
120007	120007	200	50053	0	0	0	0	0	2	0	0	0	1	1	1	3	3	2	1013		120007	4	8,1200071	8,28	11	1	9	0	2	0
120008	120008	200	50131	0	0	0	0	0	2	2	0	0	1	1	2	3	0	7	1023		120008	4	35,1200081	35,221	11	1	8	0	4	0
120009	120009	200	50047	0	0	0	0	0	2	0	0	0	1	1	1	4	2	4	1015		120009	4	27,8	27,8	11	3	0	9	2	0
120010	120010	201	50016	0	0	0	0	0	2	0	0	0	1	1	2	4	1	5	1003	1035	120010	4	1200101	210	11	1	7	0	2	9
120011	120011	200	50053	0	0	0	0	0	2	0	0	0	1	1	1	5	3	6	1013		120011	4	8,1200111	8,28	11	1	9	0	2	0
120012	120012	200	50054	0	0	0	0	0	2	0	0	0	1	1	2	5	4	6	1009		120012	4	24	24	11	1	8	0	2	0
120013	120013	201	50011	0	0	0	0	0	2	2	0	0	1	1	3	6	5	6	1016		120013	4	8,24,1200131	8,24,28	11	1	9	0	2	0
120014	120014	201	50032	0	0	0	0	0	2	2	0	0	1	1	3	4	1	6	1022		120017	4	8,1200141	8	11	1	8	0	2	0
120015	120015	201	50011	0	0	0	0	0	2	2	0	0	1	1	4	5	2	4	1016		120015	4	27,8,1200151,1200152	27,8	11	3	0	0	2	0
120016	120016	200	50053	0	0	0	0	0	2	2	0	0	1	1	3	7	6	6	1014		120016	4	8,1200161	8,211	11	1	8	0	2	0
120017	120017	201	50016	0	0	1	0	0	2	2	0	0	1	1	4	4	1	1	1000	1035	120017	4	1200171,1200172	208,211,221	11	1	7	0	2	8
120018	120018	201	50011	0	0	0	0	0	2	0	0	0	1	1	1	2	2	1	1016		120018	4	27,8	27,8	11	3	0	9	2	0
120019	120019	201	50011	0	0	0	0	0	2	0	0	0	1	1	1	4	3	3	1000	1035	120019	4	8,1200191	8,211	11	1	7	0	2	4
120020	120020	201	50016	0	0	0	0	0	2	0	0	0	1	1	1	6	2	3	1022		120020	4	1200201	211	11	1	7	0	2	9
120021	120021	201	50011	0	0	0	0	0	2	0	0	0	1	1	2	5	1	6	1016		120021	4	8,1200211	8	11	1	7	0	2	0
120022	120022	201	50016	0	0	0	0	0	2	0	0	0	1	1	2	3	0	1	1050	1035	120022	4	1200221	221	11	1	7	0	2	0
120023	120023	201	50016	0	0	0	0	0	2	0	0	0	1	1	2	4	2	2	1004	1035	120023	4	1200231,1200232	224,210	11	1	7	0	2	2
120024	120024	201	50016	0	0	0	0	0	2	0	0	0	1	1	2	3	2	3	1003	1035	120024	4	1200241	0	11	1	7	0	2	0
120025	120025	201	50131	0	0	0	0	0	2	0	0	0	1	1	2	2	0	2	1023		120025	4	35,42,43	35	11	1	7	0	4	0
120026	120026	201	50016	0	0	0	0	0	2	0	0	0	1	1	2	5	2	5	1000	1035	120026	4	1200261	0	11	1	7	0	4	0
120027	120027	201	50053	0	0	0	0	0	2	2	0	0	1	1	2	5	5	6	1013		120027	4	8	8	11	1	7	0	2	0
120028	120028	201	50032	0	0	0	0	0	2	0	0	0	1	1	2	3	2	3	1022		120028	4	8,1200281	8	11	1	7	0	2	0
120029	120029	201	50050	0	0	0	0	0	2	2	2	0	1	1	3	6	6	6	1014	1035	120029	4	8,1200291	8,221	11	1	7	0	2	0
120030	120030	201	50016	0	0	0	0	0	2	0	0	0	1	1	3	4	0	1	1000	1035	120030	4	1200301	211	11	1	7	0	2	8
120031	120031	201	50032	0	0	0	0	0	2	0	0	0	1	1	3	5	6	7	1022		120031	4	8,1200311	8	11	1	7	0	2	0
120032	120032	201	50052	0	0	0	0	0	2	0	0	0	1	1	3	8	10	8	1015		120032	4	8	8	11	1	7	0	2	0
120033	120033	201	50016	0	0	0	0	0	2	0	0	0	1	5	3	4	3	4	1000	1035	120033	4	7	0	11	1	7	0	2	0
120034	120034	201	50016	0	0	1	0	0	2	2	0	0	1	1	4	5	1	6	1003	1035	120034	4	24,27,1200341	208,24,27	11	3	0	7	2	0
120035	120035	201	50076	0	0	0	0	0	2	0	0	0	1	1	1	2	1	2	1009		120035	4	1200351	0	11	1	6	0	4	0
120036	120036	201	50016	0	0	0	0	0	2	0	0	0	1	1	1	2	1	1	1000	1035	120036	4	1200361,1200362	0	11	1	6	0	4	0
120037	120037	201	50032	0	0	0	0	0	2	2	0	0	1	1	1	6	1	1	1022		120037	4	8,1200371,1200373	8,211	11	1	6	0	4	0
120038	120038	201	50016	0	0	0	0	0	2	2	0	0	1	1	1	5	2	2	1000	1035	120038	4	1200381	211	11	1	6	0	4	0
120039	120039	201	50053	0	0	0	0	0	2	0	0	0	1	1	1	4	2	4	1013		120039	4	1200391	8,221	11	1	6	0	4	0
120040	120040	201	50026	0	0	1	0	0	2	2	0	0	1	5	4	7	3	3	1000	1035	120040	4	1200401,1200402	208,211	11	1	6	0	4	0
130000	130000	301	50144	0	0	0	0	0	3	0	0	0	1	1	1	1	2	1	1020	1032	130000	4	1300001	212	11	1	9	0	4	0
130001	130001	301	50144	0	0	0	0	0	3	3	0	0	1	1	2	3	3	3	1018		130001	4	1300011,1300012	211	11	1	9	0	2	0
130002	130002	301	50097	0	0	0	0	0	3	0	0	0	1	1	1	1	3	2	1009		130002	4	1300021	211	11	1	9	0	2	0
130003	130003	301	50058	0	0	0	0	0	3	3	0	0	1	1	2	3	2	3	1051	1044	130003	4	1300031	224	11	1	7	0	2	0
130004	130004	301	50099	0	0	0	0	0	3	0	0	0	1	1	1	3	4	2	1051	1039	130004	4	1300041	211	11	1	7	0	2	1
130005	130005	300	50059	0	0	0	0	0	3	0	0	0	1	1	1	3	2	3	1051	1039	130005	4	18	18	11	1	9	0	2	0
130006	130006	300	50060	0	0	0	0	0	3	0	0	0	1	1	1	3	4	1	1051	1044	130006	4	1300061	212	11	1	9	0	2	0
130007	130007	300	50102	0	0	0	0	0	3	0	0	0	1	1	1	3	2	4	1051	1040	130007	4	1300071	0	11	1	9	0	2	0
130008	130008	301	50144	0	0	0	0	0	3	0	0	0	1	1	1	3	5	1	1019	1038	130008	4	1300081	212	11	1	9	0	2	0
130009	130009	301	50144	0	0	0	0	0	3	3	0	0	1	1	2	3	2	2	1017		130009	4	1300091	211	11	1	9	0	2	0
130010	130010	300	50105	0	0	0	0	0	3	3	0	0	1	1	2	3	1	2	1051	1039	130010	4	12,18	12,18	11	1	9	0	2	0
130011	130011	300	50106	0	0	0	0	0	3	0	0	0	1	1	1	4	7	2	1051	1038	130011	4	0	0	11	1	9	0	2	0
130012	130012	300	50059	0	0	0	0	0	3	3	0	0	1	1	2	4	3	3	1051	1039	130012	4	1300121	211	11	1	7	0	2	8
130013	130013	301	50144	0	0	0	0	0	3	3	0	0	1	1	2	5	3	2	1020	1038	130013	4	1300131	211	11	1	7	0	2	8
130014	130014	301	50144	0	0	0	0	0	3	0	0	0	1	1	1	4	4	3	1020	1032	130014	4	1300141	0	11	1	9	0	2	0
130015	130015	301	50144	0	0	0	0	0	3	3	0	0	1	1	2	6	3	8	1020	1038	130015	4	30	30	11	1	8	0	2	0
130016	130016	300	50144	0	0	0	0	0	3	0	0	0	1	1	1	6	8	5	1009		130016	4	0	0	11	1	9	0	2	0
130017	130017	301	50060	0	0	0	0	0	3	3	0	0	1	1	3	3	3	2	1017		130017	4	8,1300171	8	11	1	9	0	2	0
130018	130018	300	50059	0	0	0	0	0	3	3	0	0	1	1	3	6	4	4	1051	1038	130018	4	1300181	0	11	1	8	0	2	0
130019	130019	300	50058	0	0	0	0	0	3	0	0	0	1	1	3	3	2	1	1051	1044	130019	4	1300191	0	11	1	7	0	2	0
130020	130020	300	50144	0	0	0	0	0	3	3	0	0	1	1	3	7	1	9	1047	1035	130020	4	1300201,1300202,1300203,1300204	0	11	1	7	0	2	0
130021	130021	301	50144	0	0	0	0	0	3	3	0	0	1	1	3	5	6	9	1020	1038	130021	4	1300211	211	11	1	9	0	2	0
130022	130022	301	50057	0	0	0	0	0	3	3	0	0	1	1	3	3	1	1	1051	1037	130022	4	1300221	212	11	1	9	0	2	0
130023	130023	300	50118	0	0	0	0	0	3	3	0	0	1	1	4	7	6	6	1009		130023	4	1300231,1300232	0	11	1	8	0	2	0
130024	130024	301	50144	0	0	1	0	0	3	3	3	0	1	1	4	8	2	10	1047	1035	130024	4	18,1300241,1300242	208,18	11	1	7	0	2	0
130025	130025	301	50144	0	0	1	0	0	3	3	0	0	1	1	4	4	4	3	1019	1036	130025	4	10,12,44	208,10,12	31	1	7	0	2	0
130026	130026	301	50144	0	0	0	0	0	3	0	0	0	1	1	1	1	1	1	1017	1032	130026	4	16	16	11	1	7	0	2	0
130027	130027	301	50144	0	0	0	0	0	3	0	0	0	1	1	1	4	3	5	1019	1032	130027	4	1300271	0	11	1	7	0	2	0
130028	130028	301	50144	0	0	0	0	0	3	3	0	0	1	1	2	5	2	6	1018	1037	130028	4	9,30	9,30	11	1	7	0	2	0
130029	130029	301	50144	0	0	0	0	0	3	3	0	0	1	1	2	2	1	1	1018	1036	130029	4	1300291	0	11	1	7	0	2	0
130030	130030	301	50144	0	0	0	0	0	3	3	0	0	1	1	2	3	2	2	1017	1036	130030	4	12,16	12,16	11	1	7	0	2	0
130031	130031	301	50144	0	0	0	0	0	3	0	0	0	1	1	2	2	4	2	1020	1032	130031	4	14,1300311	14	11	1	7	0	2	0
130032	130032	301	50144	0	0	0	0	0	3	0	0	0	1	1	2	4	3	2	1020		130032	4	1300321	211	11	1	7	0	2	0
130033	130033	301	50144	0	0	0	0	0	3	3	0	0	1	1	2	6	4	5	1019	1035	130033	4	1300331	211	11	1	7	0	2	0
130034	130034	301	50144	0	0	0	0	0	3	0	0	0	1	1	2	2	1	2	1009	1024	130034	4	10,8,16	10,8,16	31	1	7	0	2	0
130035	130035	301	50144	0	0	0	0	0	3	3	0	0	1	1	3	5	3	5	1018	1035	130035	4	8,30,1300351	8,30	11	1	7	0	2	0
130036	130036	301	50144	0	0	0	0	0	3	3	0	0	1	1	3	3	7	7	1017		130036	4	1300361	211	11	1	7	0	2	0
130037	130037	301	50144	0	0	0	0	0	3	3	3	0	1	1	4	8	6	6	1019	1014	130037	4	8,1300371	211,224	11	1	7	0	2	0
130038	130038	301	50144	0	0	0	0	0	3	0	0	0	1	1	3	3	2	3	1019	1035	130038	4	1300381	0	11	1	7	0	2	0
130039	130039	301	50144	0	0	0	0	0	3	0	0	0	1	1	1	1	2	2	1020	1032	130039	4	26	26	11	1	7	0	2	0
130040	130040	301	50144	0	0	0	0	0	3	0	0	0	1	1	2	4	2	2	1017		130040	4	1300401	221	11	1	7	0	2	0
130041	130041	301	50144	0	0	0	0	0	3	3	0	0	1	1	3	4	5	6	1017		130041	4	8,30,1300413,1300411,1300412	8,30	11	1	7	0	2	0
140000	140000	400	50041	0	0	0	0	0	4	0	0	0	1	1	1	1	1	1	1007	1040	140000	4	1400001	211	11	1	7	0	2	1
140001	140001	400	50042	0	0	0	0	0	4	0	0	0	1	1	1	2	2	1	1007	1032	140001	4	10	10	31	1	9	0	1	0
140002	140002	400	50043	0	0	0	0	0	4	0	0	0	1	1	1	2	1	2	1007	1032	140002	4	10,1400021	10	31	1	9	0	1	0
140003	140003	400	50044	0	0	0	0	0	4	0	0	0	1	1	1	2	1	3	1006	1041	140003	4	1400031,1400032	204,205	11	1	9	0	2	0
140004	140004	400	50045	0	0	0	0	0	4	0	0	0	1	1	1	3	2	2	1006	1038	140004	4	10,1400041	10,211	31	1	9	0	1	0
140005	140005	400	50046	0	0	0	0	0	4	0	0	0	1	1	1	3	2	1	1007	1032	140005	4	1400051	212	11	1	7	0	2	8
140006	140006	400	50047	0	0	0	0	0	4	0	0	0	1	1	1	4	4	4	1015		140006	4	15	15	11	1	9	0	2	0
140007	140007	400	50048	0	0	0	0	0	4	4	0	0	1	1	1	5	6	4	1015		140007	4	1400071	17	11	1	9	0	2	0
140008	140008	400	50049	0	0	0	0	0	4	4	0	0	1	1	1	5	5	4	1007	1032	140008	4	1400081,14	14	11	1	9	0	2	0
140009	140009	400	50050	0	0	0	0	0	4	4	0	0	1	1	2	6	6	5	1014		140009	4	8,1400091	8,17	11	1	9	0	2	0
140010	140010	400	50052	0	0	0	0	0	4	4	0	0	1	1	2	3	1	5	1015		140010	4	1400101,1400102	221	11	1	7	0	2	0
140011	140011	400	50051	0	0	0	0	0	4	4	0	0	1	1	2	6	6	5	1011		140011	4	1400111	210	11	1	8	0	2	8
140012	140012	400	50053	0	0	0	0	0	4	4	0	0	1	1	2	6	5	5	1014		140012	4	8,1400121	8	11	1	9	0	2	0
140013	140013	400	50054	0	0	0	0	0	4	0	0	0	1	1	2	4	4	2	1015		140013	4	1400131	211	11	1	7	0	2	8
140014	140014	400	50055	0	0	0	0	0	4	4	0	0	1	1	3	7	7	6	1031		140014	4	12,1400141	12,210	11	1	9	0	2	1
140015	140015	400	50056	0	0	0	0	0	4	4	0	0	1	1	3	5	3	3	1027	1038	140015	4	10,1400151	10	31	1	9	0	1	0
140016	140016	400	50057	0	0	0	0	0	4	4	0	0	1	1	3	4	3	1	1051	1038	140016	4	10,12,1400161	10,12,211	31	1	9	0	1	0
140017	140017	400	50058	0	0	0	0	0	4	4	0	0	1	1	3	4	4	3	1051	1044	140017	4	12,1400171,1400172	12	11	1	9	0	2	0
140018	140018	400	50059	0	0	0	0	0	4	4	0	0	1	1	3	3	1	1	1051	1038	140018	4	13,1400181	13	11	1	9	0	2	0
140019	140019	400	50060	0	0	0	0	0	4	4	0	0	1	1	3	4	3	2	1051	1044	140019	4	12,1400191	12	11	1	9	0	2	0
140020	140020	400	50063	0	0	1	0	0	4	4	0	0	1	1	4	7	5	6	1051	1044	140020	4	1400201,1400202,1400203	208,223,13	11	1	7	0	2	0
140021	140021	400	50062	0	0	0	0	0	4	0	0	0	1	1	2	2	3	3	1007		140021	4	1400211	0	11	1	9	0	2	0
140022	140022	400	50061	0	0	1	0	0	4	4	0	0	1	1	4	7	7	4	1030	1025	140022	4	12,1400221,1400222	208,12,221	11	1	7	0	2	0
140023	140023	104	50042	0	0	0	0	0	4	0	0	0	1	1	1	0	1	1	1007	1032	140023	4	0	0	11	1	7	0	1	0
140024	140024	104	50043	0	0	0	0	0	4	0	0	0	1	1	1	2	3	2	1007	1032	140024	4	0	0	11	1	7	0	1	0
140025	140025	104	50043	0	0	0	0	0	4	0	0	0	1	1	2	1	2	1	1031	1032	140025	4	1400251	212	11	1	7	0	1	0
140026	140026	104	50045	0	0	0	0	0	4	0	0	0	1	1	2	1	1	1	1006	1038	140026	4	11	11	11	1	7	0	1	0
140027	140027	104	50059	0	0	0	0	0	4	4	0	0	1	1	2	2	2	2	1051	1038	140027	4	1400271	0	11	1	7	0	1	0
140028	140028	104	50009	0	0	0	0	0	4	0	0	0	1	1	2	3	2	2	1031	1009	140028	4	1400281,1400282	212	11	1	7	0	1	0
140029	140029	104	50044	0	0	0	0	0	4	0	0	0	1	1	2	2	2	2	1051	1041	140029	4	1400291	211	11	1	7	0	1	0
140030	140030	104	50053	0	0	0	0	0	4	0	0	0	1	1	1	2	0	2	1014		140030	4	8,1400301	8,221	11	1	7	0	1	0
140031	140031	104	50051	0	0	0	0	0	4	0	0	0	1	1	2	1	2	1	1011		140031	4	1400311	0	11	1	7	0	1	0
140032	140032	104	50060	0	0	0	0	0	4	0	0	0	1	1	2	3	2	3	1031	1035	140032	4	1400321,1400322	204,205	11	1	7	0	1	0
140033	140033	104	50055	0	0	0	0	0	4	0	0	0	1	1	2	4	3	3	1031		140033	4	11	11	11	1	7	0	1	0
140034	140034	104	50044	0	0	0	0	0	4	0	0	0	1	1	2	4	2	2	1000	1037	140034	4	1400341	210	11	1	7	0	1	0
140035	140035	104	50059	0	0	0	0	0	4	0	0	0	1	1	3	3	2	2	1051	1038	140035	4	1400351	0	11	1	7	0	1	0
140036	140036	104	50059	0	0	0	0	0	4	4	0	0	1	1	3	5	3	3	1051	1038	140036	4	11,1400361	11,223	11	1	7	0	1	0
140037	140037	104	50055	0	0	0	0	0	4	4	0	0	1	1	3	3	1	3	1031		140037	4	1400371	210	11	1	7	0	1	8
140038	140038	104	50053	0	0	0	0	0	4	4	0	0	1	1	3	6	4	4	1014		140038	4	8,23	8,23	11	1	7	0	1	0
140039	140039	104	50054	0	0	0	0	0	4	4	4	0	1	1	3	5	7	1	1031	1015	140039	4	10,14,1400391	10,14	31	1	7	0	1	0
140040	140040	104	50055	0	0	0	0	0	4	4	4	0	1	1	4	6	5	7	1031		140040	4	8,1400401	8,221	11	1	7	0	1	0
140041	140041	104	50099	0	0	0	0	0	4	0	0	0	1	1	1	2	1	1	1051	1038	140041	4	1400411	0	11	1	7	0	1	0
140042	140042	104	50131	0	0	0	0	0	4	0	0	0	1	1	1	3	0	3	1014		140041	4	1400421,25,35	25,35,212	11	1	7	0	1	0
150000	150000	500	50065	0	0	0	0	0	5	0	0	0	1	1	1	2	2	2	1010	1042	150000	4	1500001	212	11	1	9	0	2	0
150001	150001	500	50066	0	0	0	0	0	5	0	0	0	1	1	1	2	1	2	1004	1038	150001	4	1500011	211	11	1	9	0	2	0
150002	150002	500	50067	0	0	0	0	0	5	0	0	0	1	1	1	2	2	3	1004	1042	150002	4	1500021,1500022	211,212	11	1	9	0	2	0
150003	150003	500	50068	0	0	0	0	0	5	0	0	0	1	1	1	2	2	2	1004	1042	150003	4	1500031	0	11	1	8	0	2	0
150004	150004	500	50069	0	0	0	0	0	5	0	0	0	1	1	1	3	1	5	1004	1040	150004	4	20	20	11	1	8	0	2	0
150005	150005	500	50070	0	0	0	0	0	5	0	0	0	1	1	1	3	2	2	1004	1038	150005	4	1500051	0	11	1	8	0	4	0
150006	150006	500	50093	0	0	0	0	0	5	5	0	0	1	1	1	2	1	3	1004	1040	150006	4	20,18	20,18	11	1	9	0	2	0
150007	150007	500	50072	0	0	0	0	0	5	5	0	0	1	1	1	4	4	5	1013		150007	4	1500071	6	11	1	8	0	4	0
150008	150008	500	50073	0	0	0	0	0	5	5	0	0	1	1	1	4	5	4	1009		150008	4	15	15	11	1	9	0	2	0
150009	150009	500	50074	0	0	0	0	0	5	0	0	0	1	1	1	4	6	3	1009		150009	4	0	0	11	1	9	0	2	0
150010	150010	500	50075	0	0	0	0	0	5	0	0	0	1	1	1	5	5	5	1009		150010	4	14	14	11	1	9	0	2	0
150011	150011	500	50076	0	0	0	0	0	5	5	0	0	1	1	1	2	3	3	1008		150011	4	0	0	11	1	9	0	2	0
150012	150012	500	50077	0	0	0	0	0	5	0	0	0	1	1	1	6	6	7	1013		150012	4	0	0	11	1	9	0	2	0
150013	150013	500	50078	0	0	0	0	0	5	0	0	0	1	1	2	4	1	2	1008		150013	4	8,18	8,18	11	1	9	0	2	0
150014	150014	500	50091	0	0	0	0	0	5	5	5	0	1	1	4	6	6	6	1013		150014	4	14,1500141,1500142	14,211,212	11	1	9	0	2	0
150015	150015	501	50080	0	0	0	0	0	5	5	0	0	1	1	1	6	5	8	1010	1038	150015	4	20	20	11	1	8	0	2	0
150016	150016	500	50081	0	0	0	0	0	5	5	0	0	1	1	2	3	4	4	1009		150016	4	0	0	11	1	9	0	2	0
150017	150017	500	50082	0	0	0	0	0	5	5	0	0	1	1	2	3	3	4	1009		150017	4	27	27	11	3	0	9	2	0
150018	150018	501	50083	0	0	0	0	0	5	0	0	0	1	1	2	3	3	3	1010	1038	150018	4	1500181	210	11	1	9	0	2	0
150019	150019	501	50084	0	0	0	0	0	5	5	0	0	1	1	3	4	4	4	1010	1042	150019	4	1500191	210	11	1	7	0	2	0
150020	150020	500	50085	0	0	0	0	0	5	5	0	0	1	1	3	2	1	1	1004	1038	150020	4	1500201	224	11	1	9	0	2	0
150021	150021	500	50086	0	0	0	0	0	5	0	0	0	1	1	3	3	2	2	1004	1042	150021	4	1500211	210	11	1	7	0	2	4
150022	150022	501	50087	0	0	0	0	0	5	5	0	0	1	1	3	4	3	3	1010	1038	150022	4	25,1500221,1500222,1500223,1500224	25,14,223	11	1	7	0	4	0
150023	150023	501	50088	0	0	0	0	0	5	5	0	0	1	1	3	7	4	9	1010	1038	150023	4	27,1500231	27	11	3	0	9	2	0
150024	150024	500	50089	0	0	0	0	0	5	5	0	0	1	1	3	6	4	4	1043	1041	150024	4	1500241,1500242	211	11	1	7	0	2	0
150025	150025	500	50090	0	0	0	0	0	5	0	0	0	1	1	2	4	4	3	1004	1040	150025	4	20,1500251	20,211	11	1	8	0	2	5
150026	150026	500	50079	0	0	0	0	0	5	5	0	0	1	1	3	6	5	5	1009		150026	4	1500261	0	11	1	9	0	2	0
150027	150027	501	50092	0	0	1	0	0	5	5	5	0	1	1	4	9	10	10	1010	1042	150027	4	14,1500271	208,14	11	1	9	0	2	0
150028	150028	500	50071	0	0	1	0	0	5	5	0	0	1	1	4	3	2	3	1004	1040	150028	4	24,18,1500281	208,24,18	11	1	7	0	2	1
150029	150029	500	50065	0	0	0	0	0	5	0	0	0	1	1	1	1	1	1	1010	1042	150029	4	1500291	211	11	1	9	0	2	3
150030	150030	500	50083	0	0	0	0	0	5	0	0	0	1	1	2	2	1	1	1010	1038	150030	4	1500301	211,223	11	1	8	0	2	0
150031	150031	500	50087	0	0	0	0	0	5	0	0	0	1	1	2	8	8	8	1010	1038	150031	4	24	24	11	1	8	0	2	0
150032	150032	500	50083	0	0	0	0	0	5	5	0	0	1	1	2	6	5	7	1010	1038	150032	4	15,20	15,20	11	1	8	0	2	0
150033	150033	500	50087	0	0	0	0	0	5	0	0	0	1	1	2	5	3	3	1010	1038	150033	4	1500331	6	11	1	8	0	2	0
150034	150034	500	50068	0	0	0	0	0	5	0	0	0	1	1	2	2	1	2	1004	1042	150034	4	1500341	210,223	11	1	8	0	2	0
150035	150035	500	50067	0	0	0	0	0	5	0	0	0	1	1	2	4	1	2	1004	1042	150035	4	1500351	210	11	1	8	0	2	0
150036	150036	500	50067	0	0	0	0	0	5	5	0	0	1	1	3	3	1	3	1004	1042	150036	4	1500361	210	11	1	8	0	2	7
150037	150037	500	50084	0	0	0	0	0	5	5	0	0	1	1	3	7	7	7	1010	1042	150037	4	14,1500371	14,211	11	1	8	0	2	0
150038	150038	500	50076	0	0	0	0	0	5	5	0	0	1	1	3	5	2	7	1008		150038	4	20,1500381	20,221	11	1	8	0	2	0
150039	150039	500	50078	0	0	0	0	0	5	5	0	0	1	1	3	7	2	3	1008		150039	4	8,18,1500391	8,18,211	11	1	8	0	2	0
150040	150040	500	50094	0	0	0	0	0	5	0	0	0	1	1	1	1	1	1	1010		150040	4	1500401	211	11	1	8	0	2	0
150041	150041	500	50082	0	0	0	0	0	5	0	0	0	1	1	1	3	3	3	1009		150041	4	24	24	11	1	8	0	2	0
150042	150042	500	50072	0	0	0	0	0	5	5	0	0	1	1	1	5	6	4	1009		150042	4	14,1500421	14,211	11	1	8	0	2	0
150043	150043	500	50072	0	0	0	0	0	5	0	0	0	1	1	2	1	3	3	1009		150043	4	14,1500431	14,211	11	1	8	0	2	0
150044	150044	500	50069	0	0	0	0	0	5	0	0	0	1	1	1	3	1	4	1004	1042	150044	4	1500441	212	11	1	8	0	2	0
150045	150045	500	50065	0	0	0	0	0	5	0	0	0	1	1	1	1	1	2	1010	1038	150045	4	1500451	210	11	1	8	0	2	0
150046	150046	500	50087	0	0	0	0	0	5	5	0	0	1	1	2	9	8	10	1010	1038	150046	4	15,14	15,14	11	1	8	0	2	0
150047	150047	500	50097	0	0	0	0	0	5	0	0	0	1	1	2	3	1	1	1009		150047	4	10,18	10,18	31	1	8	0	2	0
150048	150048	500	50074	0	0	0	0	0	5	0	0	0	1	1	1	4	3	3	1009		150048	4	27,1500481	27,211	11	3	8	0	2	0
150049	150049	500	50068	0	0	0	0	0	5	5	0	0	1	1	2	3	2	2	1004	1042	150049	4	1500491,1500492	211,221	11	1	8	0	2	0
150050	150050	500	50067	0	0	0	0	0	5	0	0	0	1	1	2	3	2	2	1004	1042	150050	4	1500501	0	11	1	8	0	2	0
190000	190000	104	50037	0	0	0	0	0	1	0	0	1	1	999	1	1	1	2	1000	1032	190000	0	0	206	11	1	6	0	4	0
190001	190001	104	50012	0	0	0	0	0	1	0	0	1	1	999	1	2	2	2	1000	1032	190001	0	0	206	11	1	6	0	4	0
190002	190002	104	50039	0	0	0	0	0	1	0	0	1	1	999	1	3	3	4	1000	1036	190002	0	0	206	11	1	6	0	4	0
190003	190003	104	50131	0	0	0	0	0	0	0	0	1	1	999	1	1	0	12	1048		190003	0	35	206	11	1	6	0	4	0
190004	190004	501	50143	0	0	0	0	0	5	0	0	1	1	999	1	0	1	1	1010	1038	190004	0	0	206	11	1	6	0	4	0
190005	190005	501	50042	0	0	0	0	0	4	0	0	1	1	999	1	0	1	1	1007	1032	190005	0	0	206	11	1	6	0	4	0
190006	190006	501	50084	0	0	0	0	0	5	5	0	1	1	999	3	4	4	4	1010	1042	190006	0	1500191	206,210	11	1	6	0	4	0
190007	190007	400	50042	0	0	0	0	0	4	0	0	1	1	999	1	2	2	1	1007	1032	190007	0	10	206,10	31	1	6	0	1	0
190008	190008	1	50009	0	0	0	0	0	0	0	0	1	1	999	1	1	1	1	1009		190008	0	0	206	11	1	6	0	4	0
190009	190009	500	50078	0	0	0	0	0	5	0	0	1	1	999	1	3	1	1	1008		190009	0	8,18	206,8,18	11	1	6	0	4	0
190010	190010	104	50042	0	0	0	0	0	4	0	0	1	1	999	1	1	2	2	1031		190010	0	10,1900101	206,10	31	1	6	0	4	0
190011	190011	301	50144	0	0	0	0	0	3	0	0	1	1	999	1	3	3	1	1019	1038	190011	0	0	206	11	1	6	0	4	0
190012	190012	301	50144	0	0	0	0	0	3	3	0	1	1	999	3	3	2	2	1020	1032	190012	0	1900121	206,212	11	1	6	0	4	0
190013	190013	301	50144	0	0	0	0	0	3	3	0	1	1	999	3	3	3	3	1019	1038	190013	0	0	206	11	1	6	0	4	0
190014	190014	100	50036	0	0	0	0	0	3	3	3	0	1	999	3	9	1	12	1000	1034	110027	0	1900141	208,6	11	1	8	0	4	0
190015	190015	301	50144	0	0	0	0	0	3	0	0	1	1	999	1	1	2	2	1020	1032	190015	0	26	206,26	11	1	7	0	2	0
190016	190016	104	50053	0	0	0	0	0	4	0	0	1	1	999	1	2	0	2	1014		190016	0	8,1900161	206,8,221	11	1	7	0	1	0
190017	190017	104	50026	0	0	1	0	0	4	0	0	0	1	999	1	7	1	2	1000	1035	120040	0	26	208,26	11	1	7	0	1	0
190018	190018	3	50023	0	0	0	0	0	3	0	0	0	1	999	1	1	2	1	1024		190018	0	8	8	11	1	7	0	2	0
190019	190019	101	50021	0	0	1	0	0	1	1	1	0	1	999	4	1	2	6	1000	1036	190019	0	12,13	208,12,13	11	1	7	0	4	0
190020	190020	3	50122	0	0	0	0	0	0	0	0	0	1	999	2	6	3	3	1048	1054	190020	0	42	0	11	1	7	0	4	0
190021	190021	301	50131	0	0	0	0	0	0	0	0	0	1	999	3	1	0	8	1023		190021	0	25,35,24,1900211,1900212	25,35,24	11	1	7	0	4	0
190022	190022	301	50131	0	0	0	0	0	0	0	0	0	1	999	3	1	0	7	1023		190022	0	25,35,1900221	25,35	11	1	7	0	4	0
190023	190023	301	50131	0	0	0	0	0	0	0	0	0	1	999	3	1	0	5	1023		190023	0	25,35,24,1900231	24,225	11	1	7	0	4	0
190024	190024	300	50105	0	0	1	0	0	3	3	3	0	1	999	4	1	1	6	1051	1039	190024	0	24,18	208,24,18	11	1	7	0	4	0
190025	190025	103	50013	0	0	1	0	0	2	2	2	0	1	999	4	1	2	5	1050	1052	190025	0	9,1900251	208,9,8	11	1	7	0	4	0
190026	190026	502	50068	0	0	1	0	0	1	1	1	0	1	999	4	1	1	5	1004	1035	190026	0	1900261	208,210	11	1	7	0	4	2
190027	190027	400	50045	0	0	1	0	0	4	4	4	0	1	999	4	1	4	7	1006	1038	190027	0	14,1900271	208,14,6	11	1	7	0	4	0
190028	190028	400	50131	0	0	1	0	0	0	0	0	0	1	999	3	8	0	6	1048		190028	0	31,1900281,25,35	25,35	11	1	7	0	4	0
200000	200000	200000	0	0	0	0	0	0	0	0	0	0	2	1	3	2	0	1	2000		210000	4	2000001	203	33	1	9	0	4	0
210000	210000	210000	0	0	0	0	0	0	1	0	0	0	2	1	1	2	1	2	2000		210000	4	0	203	33	1	9	0	4	0
210001	210001	210001	0	0	0	0	0	0	1	0	0	0	2	1	1	3	2	3	2000		210001	4	0	203	33	1	9	0	4	0
210002	210002	210002	0	0	0	0	0	0	1	1	0	0	2	1	1	4	2	2	2000		210002	4	12	203,12	33	1	3	0	4	0
210003	210003	210003	0	0	0	0	0	0	1	1	0	0	2	1	2	2	0	1	2000		210003	4	2100031	203	33	1	3	0	4	0
210004	210004	210004	0	0	0	0	0	0	1	1	0	0	2	1	2	3	1	1	2000		210004	4	2100041	203	33	1	3	0	4	0
210005	210005	210005	0	0	0	0	0	0	1	1	0	0	2	1	3	2	0	0	2000		210005	4	2100051	203,224	23	1	3	0	4	0
210006	210006	210006	0	0	0	0	0	0	1	0	0	0	2	1	1	5	0	5	2000		210006	4	2100061	203,6	33	1	3	0	4	0
210007	210007	210007	0	0	0	0	0	0	1	0	0	0	2	1	1	3	0	0	2000		210007	4	2100071	203	33	1	3	0	4	0
220000	220000	220000	0	0	0	0	0	0	2	0	0	0	2	1	2	3	0	1	2000		220000	4	2200001	203	33	1	3	0	4	0
220001	220001	220001	0	0	0	0	0	0	2	0	0	0	2	1	1	2	1	1	2000		220001	4	2200011	203	33	1	3	0	4	0
220002	220002	220002	0	0	0	0	0	0	2	2	0	0	2	1	2	4	0	0	2000		220002	4	2200021	203,8	33	1	3	0	4	0
220003	220003	220003	0	0	0	0	0	0	2	0	0	0	2	1	2	3	0	0	2000		220003	4	2200031	203,8	33	1	3	0	4	0
220004	220004	220004	0	0	0	0	0	0	2	0	0	0	2	1	2	3	1	2	2000		220004	4	24	203,24	33	1	3	0	4	0
220005	220005	220005	0	0	0	0	0	0	2	2	0	0	2	1	3	3	0	3	2000		220005	4	2200051	203	33	1	3	0	4	0
230000	230000	230000	0	0	0	0	0	0	3	0	0	0	2	1	1	2	2	1	2000		230000	4	0	203	33	1	3	0	4	0
230001	230001	230001	0	0	0	0	0	0	3	0	0	0	2	1	1	1	3	1	2000		230001	4	2300011	203	33	1	3	0	4	0
230002	230002	230002	0	0	0	0	0	0	3	3	0	0	2	1	3	5	1	0	2000		230002	4	44	203,212	13	1	3	0	4	0
230003	230003	230003	0	0	0	0	0	0	3	3	0	0	2	1	3	6	1	1	2000		230003	4	2300031,2300032	203	33	1	3	0	4	0
230004	230004	230004	0	0	0	0	0	0	3	0	0	0	2	1	1	1	1	0	2000		230004	4	2300041,2300042	203	33	1	3	0	4	0
240000	240000	240000	0	0	0	0	0	0	4	0	0	0	2	1	1	2	0	0	2000		240000	4	2400001,2400002	203,12	33	1	3	0	4	0
240001	240001	240001	0	0	0	0	0	0	4	4	0	0	2	1	3	2	1	0	2000		240001	4	13	203,13	33	1	3	0	4	0
240002	240002	240002	0	0	0	0	0	0	4	0	0	0	2	1	1	5	3	2	2000		240002	4	2400021	203	33	1	3	0	4	0
240003	240003	240003	0	0	0	0	0	0	4	0	0	0	2	1	1	3	2	1	2000		240003	4	2400031	203	33	1	3	0	4	0
250000	250000	250000	0	0	0	0	0	0	5	0	0	0	2	1	1	4	3	3	2000		250000	4	0	203	33	1	3	0	4	0
250001	250001	250001	0	0	0	0	0	0	5	0	0	0	2	1	1	3	1	2	2000		250001	4	2500011	203,20	33	1	3	0	4	0
250002	250002	250002	0	0	0	0	0	0	5	5	0	0	2	1	3	4	0	2	2000		250002	4	2500021	203	33	1	3	0	4	0
260000	260000	260000	0	0	0	0	0	0	1	4	0	0	2	999	3	4	0	3	2000		260000	0	2600001	203	33	1	3	0	4	0
260001	260001	260001	0	0	0	0	0	0	5	5	4	0	2	999	3	7	1	1	2000	0	260001	0	2600011	203,12,18	33	1	3	0	4	0
260002	260002	260002	0	0	0	0	0	0	0	0	0	0	2	999	3	4	0	1	2000	0	260002	0	31,2600021	203	33	1	3	0	4	0
300000	300000	300000	0	0	0	0	0	0	0	0	0	0	3	1	1	3	0	0	2001		300000	4	3000001	39	0	1	3	0	0	6
300001	300001	300001	0	0	0	0	0	0	0	0	0	0	3	1	2	0	0	0	2001		300001	4	3000011	204	0	1	3	0	0	0
310000	310000	310000	0	0	0	0	0	0	1	0	0	0	3	1	1	1	0	0	2001		310000	4	3100001	9	0	1	3	0	0	4
310001	310001	310001	0	0	0	0	0	0	1	0	0	0	3	1	1	4	0	0	2001		310001	4	3100011	204,206	0	1	7	0	0	0
310002	310002	310002	0	0	0	0	0	0	1	1	0	0	3	1	3	5	0	0	2001		310002	4	3100021	204	0	1	3	0	0	0
310003	310003	310003	0	0	0	0	0	0	1	1	0	0	3	1	3	7	0	0	2001		310003	4	3100031	204,206	0	1	7	0	0	0
310004	310004	310004	0	0	0	0	0	0	1	0	0	0	3	1	1	1	0	0	2001		310004	4	3100041	204	0	1	7	0	0	8
310005	310005	310005	0	0	0	0	0	0	1	1	0	0	3	1	3	5	0	0	2001		310005	4	3100051,101	204	0	1	7	0	0	0
320000	320000	320000	0	0	0	0	0	0	2	0	0	0	3	1	1	3	0	0	2001		320000	4	3200001	204	0	1	5	0	0	0
320001	320001	320001	0	0	0	0	0	0	2	0	0	0	3	1	1	1	0	0	2001		320001	4	3200011	8	0	1	3	0	0	9
320002	320002	320002	0	0	0	0	0	0	2	0	0	0	3	1	1	1	0	0	2001		320002	4	3200021	26	0	1	4	0	0	8
320003	320003	320003	0	0	0	0	0	0	2	0	0	0	3	1	2	3	0	0	2001		320003	4	3200031	204	0	1	3	0	0	0
320004	320004	320004	0	0	0	0	0	0	2	0	0	0	3	1	2	2	0	0	2001		320004	4	3200041	28	0	1	3	0	0	4
320005	320005	320005	0	0	0	0	0	0	2	2	0	0	3	1	3	6	0	0	2001		320005	4	3200051	204	0	1	5	0	0	8
320006	320006	320006	0	0	0	0	0	0	2	2	0	0	3	1	3	9	0	0	2001		320006	4	3200061	204,206	0	1	6	0	0	8
320007	320007	320007	0	0	0	0	0	0	2	0	0	0	3	5	3	4	0	0	2001		320007	4	3200071	204	0	1	5	0	0	8
320008	320008	320008	0	0	0	0	0	0	2	2	0	0	3	999	4	5	0	0	2001		320008	0	3200082	204	0	1	7	0	0	0
320009	320009	320009	0	0	0	0	0	0	2	2	0	0	3	1	3	6	0	0	2001		320009	4	3200091	204,206	0	1	7	0	0	0
320010	320010	320010	0	0	0	0	0	0	2	2	0	0	3	1	3	3	0	0	2001		320010	4	3200101,101	204	0	1	7	0	0	0
320011	320011	320011	0	0	0	0	0	0	2	0	0	0	3	1	1	2	0	0	2001		320011	4	3200111	204	0	1	7	0	0	0
330000	330000	330000	0	0	0	0	0	0	3	0	0	0	3	1	1	2	0	0	2001		330000	4	3300001	204	0	1	4	0	0	1
330001	330001	330001	0	0	0	0	0	0	3	0	0	0	3	1	1	4	0	0	2001		330001	4	3300011	204	0	1	7	0	0	0
330002	330002	330002	0	0	0	0	0	0	3	3	0	0	3	1	1	2	0	0	2001		330002	4	3300021	204	0	1	4	0	0	2
330003	330003	330003	0	0	0	0	0	0	3	0	0	0	3	1	1	1	0	0	2001		330003	4	3300031	204	0	1	4	0	0	0
330004	330004	330004	0	0	0	0	0	0	3	0	0	0	3	1	1	5	0	0	2001		330004	4	3300041	204	0	1	5	0	0	8
330005	330005	330005	0	0	0	0	0	0	3	3	0	0	3	1	2	3	0	0	2001		330005	4	3300051	204	0	1	4	0	0	0
330006	330006	330006	0	0	0	0	0	0	3	0	0	0	3	1	2	1	0	0	2001		330006	4	3300061	204,224	0	1	5	0	0	8
330007	330007	330007	0	0	0	0	0	0	3	3	0	0	3	1	2	4	0	0	2001		330007	4	3300071	204	0	1	4	0	0	0
330008	330008	330008	0	0	0	0	0	0	3	0	0	0	3	1	2	3	0	0	2001		330008	4	3300081	219	0	1	5	0	0	4
330009	330009	330009	0	0	0	0	0	0	3	3	3	0	3	1	3	6	0	0	2001		330009	4	3300091	204	0	1	6	0	0	0
330010	330010	330010	0	0	0	0	0	0	3	0	0	0	3	1	3	5	0	0	2001		330010	4	3300101	204	0	1	6	0	0	7
330011	330011	330011	0	0	0	0	0	0	3	0	0	0	3	1	3	4	0	0	2001		330011	4	3300111	204	0	1	6	0	0	0
330012	330012	330012	0	0	0	0	0	0	3	3	0	0	3	1	3	8	0	0	2001		330012	4	3300121	204	0	1	4	0	0	0
330013	330013	330013	0	0	0	0	0	0	3	3	0	0	3	1	3	4	0	0	2001	0	330013	4	3300131,101	204	0	1	4	0	0	0
330014	330014	330014	0	0	0	0	0	0	3	0	0	0	3	1	1	2	0	0	2001	0	330014	4	3300141,18	204	0	1	4	0	0	2
330015	330015	330015	0	0	0	0	0	0	3	3	0	0	3	1	1	3	0	0	2001	0	330015	4	3300151	204,206	0	1	4	0	0	0
330016	330016	330016	0	0	0	0	0	0	3	3	0	0	3	1	2	2	0	0	2001	0	330016	4	3300161	204	0	1	4	0	0	0
340000	340000	340000	0	0	0	0	0	0	4	0	0	0	3	1	1	1	0	0	2001		340000	4	3400001	204	0	1	4	0	0	8
340001	340001	340001	0	0	0	0	0	0	4	0	0	0	3	1	1	5	0	0	2001		340001	4	3400011	204	0	1	6	0	0	0
340002	340002	340002	0	0	0	0	0	0	4	0	0	0	3	1	1	1	0	0	2001		340002	4	3400021	204	0	1	6	0	0	0
340003	340003	340003	0	0	0	0	0	0	4	0	0	0	3	1	1	1	0	0	2001		340003	4	3400031	13,204	0	1	3	0	0	4
340004	340004	340004	0	0	0	0	0	0	4	0	0	0	3	1	1	4	0	0	2001		340004	4	3400041	204	0	1	7	0	0	2
340005	340005	340005	0	0	0	0	0	0	4	4	0	0	3	1	2	5	0	0	2001		340005	4	3400051	204	0	1	6	0	0	8
340006	340006	340006	0	0	0	0	0	0	4	0	0	0	3	1	2	3	0	0	2001		340006	4	3400061	204	0	1	5	0	0	8
340007	340007	340007	0	0	0	0	0	0	4	0	0	0	3	1	2	2	0	0	2001		340007	4	3400071	204	0	1	4	0	0	0
340008	340008	340008	0	0	0	0	0	0	4	4	0	0	3	1	2	6	0	0	2001		340008	4	3400081	204	0	1	4	0	0	0
340009	340009	340009	0	0	0	0	0	0	4	4	0	0	3	1	3	3	0	0	2001		340009	4	3400091	204	0	1	4	0	0	0
340010	340010	340010	0	0	0	0	0	0	4	0	0	0	3	1	3	4	0	0	2001	0	340010	4	3400101	13,11,204	0	1	4	0	0	0
340011	340011	340011	0	0	0	0	0	0	4	4	0	0	3	1	3	5	0	0	2001	0	340011	4	3400111	222,206	0	1	4	0	0	0
340012	340012	340012	0	0	0	0	0	0	4	4	4	0	3	5	3	7	0	0	2001	0	340012	4	3400121	204	0	1	4	0	0	0
340013	340013	340013	0	0	0	0	0	0	4	4	0	0	3	1	3	2	0	0	2001	0	340013	4	3400131	204	0	1	4	0	0	0
340014	340014	340014	0	0	0	0	0	0	4	4	0	0	3	1	3	2	0	0	2001	0	340014	4	3400141,101	204	0	1	4	0	0	0
340015	340015	340015	0	0	0	0	0	0	4	0	0	0	3	1	3	9	0	0	2001		340015	4	3400151	204	0	1	2	4	0	8
350000	350000	350000	0	0	0	0	0	0	5	0	0	0	3	1	1	2	0	0	2001		350000	4	3500001	204	0	1	7	0	0	0
350001	350001	350001	0	0	0	0	0	0	5	0	0	0	3	1	1	2	0	0	2001		350001	4	3500011	204	0	1	5	0	0	4
350002	350002	350002	0	0	0	0	0	0	5	5	0	0	3	1	2	5	0	0	2001		350002	4	3500021	14	0	1	5	0	0	0
350003	350003	350003	0	0	0	0	0	0	5	5	5	0	3	1	2	8	0	0	2001		350003	4	3500031	204	0	1	3	0	0	0
350004	350004	350004	0	0	0	0	0	0	5	5	0	0	3	1	2	4	0	0	2001		350004	4	3500041	204	0	1	6	0	0	0
350005	350005	350005	0	0	0	0	0	0	5	0	0	0	3	1	2	3	0	0	2001		350005	4	3500051	224,204	0	1	5	0	0	0
350006	350006	350006	0	0	0	0	0	0	5	0	0	0	3	1	3	5	0	0	2001		350006	4	3500061	14,15,23	0	1	5	0	0	4
350007	350007	350007	0	0	0	0	0	0	5	5	0	0	3	1	3	4	0	0	2001		350007	4	3500071	8,204	0	1	5	0	0	0
350008	350008	350008	0	0	0	0	0	0	5	5	0	0	3	1	3	5	0	0	2001		350008	4	3500081,101	204,206	0	1	5	0	0	0
350009	350009	350009	0	0	0	0	0	0	5	5	0	0	3	1	3	3	0	0	2001		350009	4	3500091	222,204	0	1	5	0	0	0
360000	360000	330003	0	0	0	0	0	0	3	0	0	1	3	999	1	1	0	0		2001	330003	0	3300031	204	0	1	3	0	0	7
360001	360001	350004	0	0	0	0	0	0	4	0	0	1	4	999	1	0	0	0		2002	360001	0	3600011	205	0	3	3	0	0	0
360002	360002	360002	0	0	0	0	1	0	4	4	4	1	3	999	1	4	0	0		2001	360002	0	3600021	204	0	1	3	0	0	0
360003	360003	360002	0	0	0	0	0	0	0	0	0	1	4	999	1	0	0	0	2002	2002	360003	0	3600031	205	0	3	3	0	0	0
360004	360004	360004	0	0	0	0	0	0	0	0	0	1	3	999	2	0	0	0		2001	360004	0	3600041	204	0	1	3	0	0	0
360005	360005	360004	0	0	0	0	0	0	0	0	0	1	3	999	1	0	0	0		2001	360005	0	3600051	204	0	1	3	0	0	0
360006	360006	360006	0	0	0	0	0	0	5	5	5	0	3	999	4	6	0	0	2001		360006	0	3600061,3600062,101	222	0	1	3	0	0	2
360007	360007	360007	0	0	0	0	0	0	0	0	0	0	3	999	3	1	0	0	2001		360007	0	3600071,101	0	0	1	6	0	0	4
410000	410000	410000	0	0	0	0	0	0	1	0	0	0	4	1	1	2	0	0	2002		410000	4	4100001	206,205	0	3	0	7	0	0
410001	410001	410001	0	0	0	0	0	0	1	0	0	0	4	1	1	2	0	0	2002		410001	4	4100011	205	0	3	0	4	0	9
410002	410002	410002	0	0	0	0	0	0	1	0	0	0	4	1	1	4	0	0	2002		410002	4	4100021	205	0	3	1	5	0	9
410003	410003	410003	0	0	0	0	0	0	1	1	0	0	4	1	2	4	0	0	2002		410003	4	4100031	205	0	3	2	4	0	0
410004	410004	410004	0	0	0	0	0	0	1	0	0	0	4	1	2	3	0	0	2002		410004	4	4100041	205	0	3	1	4	0	0
410005	410005	410005	0	0	0	0	0	0	1	0	0	0	4	1	2	4	0	0	2002		410005	4	4100051	205	0	3	1	4	0	9
410006	410006	410006	0	0	0	0	0	0	1	1	0	0	4	1	2	2	0	0	2002		410006	4	4100061	205	0	3	0	4	0	0
410007	410007	410007	0	0	0	0	0	0	1	0	0	0	4	1	1	3	0	0	2002		410007	4	4100071	205	0	3	1	5	0	0
410008	410008	410008	0	0	0	0	0	0	1	1	0	0	4	1	3	3	0	0	2002		410008	4	4100081	0	0	3	1	4	0	2
410009	410009	410009	0	0	0	0	0	0	1	0	0	0	4	1	1	1	0	0	2002		410009	4	4100091	205	0	3	1	4	0	2
410010	410010	410010	0	0	0	0	0	0	1	0	0	0	4	1	1	1	0	0	2002		410010	4	4100101	229,205	0	3	1	4	0	7
410011	410011	410011	0	0	0	0	0	0	1	0	0	0	4	1	1	1	0	0	2002		410011	4	4100111	205	0	3	1	4	0	7
420000	420000	420000	0	0	0	0	0	0	2	0	0	0	4	1	1	4	0	0	2002		420000	4	4200001	205	0	3	1	4	0	9
420001	420001	420001	0	0	0	0	0	0	2	2	0	0	4	1	1	3	0	0	2002		420001	4	4200011	205	0	3	1	4	0	9
420002	420002	420002	0	0	0	0	0	0	2	0	0	0	4	1	1	1	0	0	2002		420002	4	4200021	205	0	3	1	4	0	9
420003	420003	420003	0	0	0	0	0	0	2	0	0	0	4	1	1	4	0	0	2002		420003	4	4200031	205	0	3	1	4	0	9
420004	420004	420004	0	0	0	0	0	0	2	0	0	0	4	1	1	1	0	0	2002		420004	4	4200041	205	0	3	1	3	0	1
420005	420005	420005	0	0	0	0	0	0	2	0	0	0	4	1	1	1	0	0	2002		420005	4	4200051	205	0	3	0	4	0	1
420006	420006	420006	0	0	0	0	0	0	2	0	0	0	4	1	2	4	0	0	2002		420006	4	4200061	222,24,205	0	3	0	5	0	0
420007	420007	420007	0	0	0	0	0	0	2	2	0	0	4	1	3	7	0	0	2002		420007	4	4200071	205	0	3	1	5	0	0
420008	420008	420008	0	0	0	0	0	0	2	0	0	0	4	1	2	4	0	0	2002		420008	4	4200081	206,205	0	3	1	5	0	0
420009	420009	420009	0	0	0	0	0	0	2	2	0	0	4	1	2	1	0	0	2002		420009	4	4200091	225	0	2	0	5	0	0
420010	420010	420010	0	0	0	0	0	0	2	2	0	0	4	1	3	5	0	0	2002		420010	4	4200101	225	0	2	0	5	0	0
420011	420011	420011	0	0	0	0	0	0	2	0	0	0	4	1	1	2	0	0	2002		420011	4	4200111	26,205	0	3	1	5	0	9
430000	430000	430000	0	0	0	0	0	0	3	0	0	0	4	1	1	3	0	0	2002		430000	4	4300001	205	0	3	1	5	0	1
430001	430001	430001	0	0	0	0	0	0	3	0	0	0	4	1	2	4	0	0	2002		430001	4	4300011	205	0	3	1	5	0	9
430002	430002	430002	0	0	0	0	0	0	3	0	0	0	4	1	1	1	0	0	2002		430002	4	4300021	205	0	3	1	5	0	1
430003	430003	430003	0	0	0	0	0	0	3	0	0	0	4	1	1	2	0	0	2002		430003	4	4300031	30,205	0	3	5	5	0	4
430004	430004	430004	0	0	0	0	0	0	3	0	0	0	4	1	1	3	0	0	2002		430004	4	4300041	205	0	3	1	5	0	9
430005	430005	430005	0	0	0	0	0	0	3	0	0	0	4	1	2	1	0	0	2002		430005	4	4300051	229,206	0	3	1	5	0	7
440000	440000	440000	0	0	0	0	0	0	4	0	0	0	4	1	1	1	0	0	2002		440000	4	4400001	205	0	3	2	7	0	1
440001	440001	440001	0	0	0	0	0	0	4	0	0	0	4	1	1	2	0	0	2002		440001	4	4400011	12,205	0	3	2	6	0	4
440002	440002	440002	0	0	0	0	0	0	4	0	0	0	4	1	1	2	0	0	2002		440002	4	4400021	205	0	3	2	7	0	8
440003	440003	440003	0	0	0	0	0	0	4	0	0	0	4	1	1	1	0	0	2002		440003	4	4400031	205	0	3	5	2	0	0
440004	440004	440004	0	0	0	0	0	0	4	0	0	0	4	1	2	2	0	0	2002		440004	4	4400041	205	0	3	1	3	0	0
440005	440005	440005	0	0	0	0	0	0	4	0	0	0	4	1	1	3	0	0	2002		440005	4	4400051	205	0	3	2	4	0	4
440006	440006	440006	0	0	0	0	0	0	4	0	0	0	4	1	1	3	0	0	2002		440006	4	4400061	205	0	3	2	4	0	4
450000	450000	450000	0	0	0	0	0	0	5	0	0	0	4	1	1	3	0	0	2002		450000	4	4500001	205	0	3	1	5	0	2
450001	450001	450001	0	0	0	0	0	0	5	0	0	0	4	1	1	1	0	0	2002		450001	4	4500011	205	0	3	1	3	0	5
450002	450002	450002	0	0	0	0	0	0	5	0	0	0	4	1	1	1	0	0	2002		450002	4	4500021	205	0	3	5	0	0	4
450003	450003	450003	0	0	0	0	0	0	5	5	0	0	4	1	1	5	0	0	2002		450003	4	4500031	205	0	3	1	3	0	7
450004	450004	450004	0	0	0	0	0	0	5	0	0	0	4	1	2	3	0	0	2002		450004	4	4500041	24,18	0	3	1	4	0	4
450005	450005	450005	0	0	0	0	0	0	5	5	0	0	4	1	3	6	0	0	2002		450005	4	4500051	205	0	3	1	4	0	4