deck_id	number	card_id
int	int	int
1	1	90000
1	2	90000
1	3	90005
1	4	100013
1	5	100000
1	6	100013
1	7	100000
1	8	100013
1	9	100000
1	10	100000
1	11	100013
1	12	100013
1	13	100000
1	14	100013
1	15	100013
1	16	100000
1	17	100013
1	18	100013
1	19	100013
1	20	100013
1	21	100013
1	22	100013
1	23	100013
2	1	90000
2	2	90001
2	3	90001
2	4	100000
2	5	100016
2	6	100017
2	7	100016
2	8	100017
2	9	100016
2	10	100007
2	11	100000
2	12	100000
2	13	100017
2	14	100016
2	15	100017
2	16	100016
2	17	100007
2	18	100000
2	19	100016
2	20	100017
2	21	100016
2	22	100007
2	23	100000
3	1	90000
3	2	90000
3	3	90003
3	4	140023
3	5	140023
3	6	140023
3	7	140024
3	8	140024
3	9	140024
3	10	140024
3	11	140024
3	12	340001
3	13	340001
3	14	340001
3	15	340001
3	16	340001
3	17	340001
3	18	340001
3	19	340001
3	20	340001
3	21	340001
3	22	340001
3	23	340001
3	24	340001
3	25	340001
3	26	340001
3	27	340001
3	28	340001
3	29	340001
3	30	340001
3	31	340001
3	32	340001
3	33	340001
4	1	90003
4	2	90003
4	3	90003
4	4	440003
4	5	140024
4	6	440003
4	7	140001
4	8	440000
4	9	440000
4	10	440000
4	11	440000
4	12	440000
4	13	340001
4	14	340001
4	15	340001
4	16	340001
4	17	340001
4	18	340001
5	1	10002
5	2	90005
5	3	90005
5	4	210001
5	5	210001
5	6	210000
5	7	210000
5	8	210000
5	9	210000
5	10	210000
5	11	210000
5	12	210000
5	13	210000
5	14	210000
5	15	210000
5	16	210000
5	17	210000
5	18	210000
5	19	210000
5	20	210000
5	21	210000
5	22	210000
5	23	210000
5	24	210000
5	25	210000
5	26	210000
5	27	210000
5	28	210000
5	29	210000
5	30	210000
6	1	10002
6	2	90004
6	3	90004
6	4	110001
6	5	110001
6	6	110003
6	7	110003
6	8	110003
6	9	110005
6	10	110005
6	11	110011
6	12	410005
6	13	110018
6	14	110018
6	15	210000
6	16	210000
6	17	210004
6	18	200000
6	19	210001
6	20	210001
6	21	200000
6	22	210002
6	23	210002
6	24	410003
6	25	410004
6	26	410004
6	27	310001
6	28	310001
6	29	210003
6	30	110000
6	31	110000
6	32	410007
6	33	410000
6	34	410000
6	35	410006
6	36	410001
6	37	410001
6	38	410002
6	39	410002
6	40	410005
6	41	110006
6	42	110006
6	43	110019
6	44	110008
6	45	110008
6	46	110016
6	47	110009
6	48	110009
6	49	110015
6	50	110004
6	51	110004
6	52	110011
6	53	110007
7	1	90003
7	2	90005
7	3	90005
7	4	340001
7	5	340001
7	6	340001
7	7	340001
7	8	340001
8	1	90000
8	2	90000
8	3	90000
8	4	340001
8	5	340001
8	6	340001
9	1	90003
9	2	90003
9	3	90003
9	4	340001
9	5	340001
9	6	340001
10	1	90001
10	2	90001
10	3	90001
10	4	430001
10	5	340001
10	6	340001
11	1	90000
11	2	90003
11	3	90003
11	4	440000
11	5	140004
11	6	140004
12	1	90000
12	2	90000
12	3	90000
12	4	140001
12	5	140001
12	6	140001
12	7	140001
12	8	140001
12	9	440003
12	10	440003
13	1	50002
13	2	50006
13	3	50001
13	4	150011
13	5	150013
13	6	150038
13	7	150039
13	8	150038
13	9	150039
13	10	150011
13	11	150013
13	12	150011
13	13	150013
13	14	150011
13	15	150013
13	16	150011
13	17	150013
13	18	150011
13	19	150013
13	20	150011
13	21	150013
13	22	150011
13	23	150013
13	24	150011
13	25	150013
13	26	150011
13	27	150013
13	28	150011
13	29	150013
13	30	150011
13	31	150013
13	32	150011
13	33	150013
13	34	350005
13	35	350005
13	36	350003
13	37	350003
13	38	350003
13	39	150011
13	40	150013
13	41	450002
13	42	450002
13	43	150011
13	44	150013
13	45	150011
13	46	150013
13	47	450004
13	48	450004
13	49	450002
13	50	150011
13	51	150013
13	52	150011
13	53	150011
14	1	40001
14	2	40005
14	3	40002
14	4	140000
14	5	140000
14	6	140000
14	7	140000
14	8	140001
14	9	140001
14	10	140001
14	11	140001
14	12	140002
14	13	140002
14	14	140002
14	15	140002
14	16	140023
14	17	140023
14	18	140023
14	19	140023
14	20	140024
14	21	140024
14	22	140024
14	23	140024
14	24	140008
14	25	140008
14	26	140008
14	27	140008
14	28	150009
14	29	150009
14	30	150009
14	31	150009
14	32	150010
14	33	150010
14	34	150010
14	35	150010
14	36	340000
14	37	340000
14	38	340000
14	39	340000
14	40	340001
14	41	340001
14	42	340001
14	43	350001
14	44	350001
14	45	350001
14	46	350001
14	47	440003
14	48	440003
14	49	440005
14	50	440005
14	51	440005
14	52	440005
14	53	440003
15	1	40002
15	2	10001
15	3	10004
15	4	110000
15	5	110000
15	6	110000
15	7	110000
15	8	110039
15	9	110039
15	10	110039
15	11	110039
15	12	110040
15	13	110040
15	14	110040
15	15	110040
15	16	110003
15	17	110003
15	18	110003
15	19	110003
15	20	110007
15	21	110007
15	22	110007
15	23	110000
15	24	110000
15	25	110000
15	26	110000
15	27	110000
15	28	110000
15	29	110000
15	30	110000
15	31	210000
15	32	210000
15	33	210000
15	34	210001
15	35	210001
15	36	210001
15	37	340000
15	38	340000
15	39	340000
15	40	340001
15	41	340001
15	42	340001
15	43	340010
15	44	340010
15	45	340010
15	46	340010
15	47	440003
15	48	440003
15	49	440005
15	50	440005
15	51	440005
15	52	440005
15	53	440003
16	1	90007
16	2	40003
16	3	30006
16	4	140000
16	5	140000
16	6	140000
16	7	140000
16	8	140001
16	9	140001
16	10	140001
16	11	140001
16	12	140000
16	13	140000
16	14	140000
16	15	140000
16	16	140001
16	17	140001
16	18	140001
16	19	140001
16	20	140024
16	21	140024
16	22	140024
16	23	140024
16	24	140008
16	25	140008
16	26	140008
16	27	140008
16	28	140008
16	29	140021
16	30	140021
16	31	140021
16	32	140021
16	33	230000
16	34	230000
16	35	230000
16	36	340000
16	37	340000
16	38	340000
16	39	340000
16	40	330001
16	41	330001
16	42	330001
16	43	330011
16	44	330011
16	45	340010
16	46	340010
16	47	440003
16	48	440003
16	49	440005
16	50	440005
16	51	440005
16	52	440005
16	53	440003
17	1	40002
17	2	10002
17	3	50002
17	4	140000
17	5	140000
17	6	140000
17	7	140000
17	8	140001
17	9	140001
17	10	140001
17	11	140001
17	12	110000
17	13	110000
17	14	110000
17	15	110000
17	16	110001
17	17	110001
17	18	110001
17	19	110001
17	20	110003
17	21	110003
17	22	110003
17	23	110040
17	24	110040
17	25	110040
17	26	150010
17	27	150010
17	28	150010
17	29	140021
17	30	140021
17	31	140021
17	32	150012
17	33	150012
17	34	140029
17	35	140029
17	36	340000
17	37	340000
17	38	340000
17	39	440002
17	40	210003
17	41	210003
17	42	210001
17	43	210006
17	44	210006
17	45	340010
17	46	340010
17	47	440003
17	48	440003
17	49	440003
17	50	110007
17	51	110007
17	52	440002
17	53	440002
18	1	40002
18	2	90007
18	3	10002
18	4	100003
18	5	100003
18	6	100003
18	7	110000
18	8	110000
18	9	140003
18	10	140003
18	11	140004
18	12	140004
18	13	140004
18	14	140004
18	15	140011
18	16	140011
18	17	140031
18	18	140031
18	19	140031
18	20	140026
18	21	140026
18	22	140026
18	23	140027
18	24	140027
18	25	140027
18	26	140008
18	27	140008
18	28	140008
18	29	140021
18	30	140021
18	31	140021
18	32	240000
18	33	240000
18	34	240000
18	35	240001
18	36	340000
18	37	340000
18	38	340000
18	39	340000
18	40	240001
18	41	310003
18	42	310003
18	43	310003
18	44	410004
18	45	340010
18	46	340010
18	47	440003
18	48	440003
18	49	440003
18	50	410000
18	51	410000
18	52	410000
18	53	410004
19	1	40006
19	2	40001
19	3	50001
19	4	140001
19	5	140001
19	6	140001
19	7	140002
19	8	140002
19	9	140004
19	10	140004
19	11	140004
19	12	140004
19	13	140015
19	14	140015
19	15	150012
19	16	150012
19	17	150012
19	18	140013
19	19	140013
19	20	140013
19	21	150013
19	22	150013
19	23	150013
19	24	150009
19	25	150009
19	26	140004
19	27	140004
19	28	140025
19	29	140025
19	30	150010
19	31	150010
19	32	140008
19	33	140008
19	34	250000
19	35	250000
19	36	250000
19	37	250000
19	38	350001
19	39	340000
19	40	340000
19	41	340000
19	42	350001
19	43	350001
19	44	350001
19	45	240000
19	46	240000
19	47	340001
19	48	340001
19	49	340001
19	50	340008
19	51	340008
19	52	340010
19	53	440000
19	54	440000
19	55	440000
19	56	340015
19	57	340015
19	58	440002
19	59	440002
19	60	440002
19	61	440002
19	62	440005
19	63	440005
20	1	40003
20	2	40004
20	3	40006
20	4	140001
20	5	140001
20	6	140001
20	7	140002
20	8	140002
20	9	140002
20	10	140004
20	11	140004
20	12	140015
20	13	140015
20	14	140015
20	15	140016
20	16	140016
20	17	140016
20	18	140013
20	19	140013
20	20	140013
20	21	140018
20	22	140018
20	23	140018
20	24	140019
20	25	140019
20	26	140025
20	27	140025
20	28	140025
20	29	140025
20	30	340011
20	31	340011
20	32	340011
20	33	140027
20	34	140027
20	35	140027
20	36	140027
20	37	140035
20	38	140035
20	39	340000
20	40	340000
20	41	340000
20	42	240001
20	43	240001
20	44	240000
20	45	240000
20	46	240000
20	47	340001
20	48	340001
20	49	340001
20	50	340008
20	51	340008
20	52	340010
20	53	440000
20	54	440000
20	55	440000
20	56	340015
20	57	340015
20	58	440002
20	59	440002
20	60	440002
20	61	440002
20	62	440005
20	63	440005
21	1	30002
21	2	30005
21	3	30001
21	4	130008
21	5	130008
21	6	130008
21	7	130008
21	8	130008
21	9	130008
21	10	130008
21	11	130008
21	12	130008
21	13	130008
21	14	130008
21	15	130008
21	16	130008
21	17	130008
21	18	130008
21	19	130008
21	20	130008
21	21	130008
21	22	130008
21	23	130008
21	24	130008
21	25	130008
21	26	130008
21	27	130008
21	28	130008
21	29	130008
21	30	130008
21	31	130008
21	32	130008
21	33	130008
21	34	130008
21	35	130008
21	36	130008
21	37	130008
21	38	100020
21	39	430000
21	40	430000
21	41	430000
21	42	100020
21	43	230000
21	44	230000
21	45	230000
21	46	330000
21	47	330000
21	48	330000
21	49	330000
21	50	100020
21	51	330002
21	52	330002
21	53	330002
21	54	330003
21	55	330003
21	56	330003
21	57	330003
21	58	330004
21	59	330004
21	60	330004
21	61	330004
21	62	330007
21	63	330007
22	1	30005
22	2	30006
22	3	30001
22	4	130009
22	5	130009
22	6	130009
22	7	130009
22	8	130009
22	9	130009
22	10	130009
22	11	130009
22	12	130017
22	13	130017
22	14	130017
22	15	130017
22	16	130026
22	17	130026
22	18	130026
22	19	130026
22	20	130026
22	21	130026
22	22	130026
22	23	130030
22	24	130030
22	25	130030
22	26	130030
22	27	130030
22	28	130030
22	29	130030
22	30	130036
22	31	130036
22	32	130036
22	33	130036
22	34	130008
22	35	130008
22	36	130008
22	37	130008
22	38	130008
22	39	430000
22	40	430000
22	41	430000
22	42	100020
22	43	230000
22	44	230000
22	45	230000
22	46	330000
22	47	330000
22	48	330000
22	49	330000
22	50	100020
22	51	330002
22	52	330002
22	53	330002
22	54	330003
22	55	330003
22	56	330003
22	57	330003
22	58	330004
22	59	330004
22	60	330004
22	61	330004
22	62	330007
22	63	330007
23	1	30003
23	2	30005
23	3	30004
23	4	130001
23	5	130001
23	6	130001
23	7	130001
23	8	130003
23	9	130003
23	10	130003
23	11	130008
23	12	130008
23	13	130008
23	14	130009
23	15	130009
23	16	130009
23	17	130013
23	18	130013
23	19	130014
23	20	130014
23	21	130014
23	22	130015
23	23	130015
23	24	130028
23	25	130028
23	26	130028
23	27	130028
23	28	130029
23	29	130029
23	30	130029
23	31	130029
23	32	130032
23	33	130032
23	34	130032
23	35	130032
23	36	130035
23	37	130035
23	38	130033
23	39	130033
23	40	130033
23	41	430000
23	42	430000
23	43	230000
23	44	230000
23	45	230000
23	46	330000
23	47	330000
23	48	330000
23	49	330000
23	50	100020
23	51	100020
23	52	330002
23	53	330002
23	54	330003
23	55	330003
23	56	330003
23	57	330003
23	58	330004
23	59	330004
23	60	330004
23	61	330004
23	62	330007
23	63	330007
24	1	30003
24	2	30005
24	3	20002
24	4	130001
24	5	130001
24	6	130001
24	7	130003
24	8	130003
24	9	130003
24	10	130003
24	11	130006
24	12	130006
24	13	130006
24	14	130019
24	15	130019
24	16	130019
24	17	130013
24	18	130013
24	19	130022
24	20	130022
24	21	130022
24	22	130015
24	23	130015
24	24	130022
24	25	130028
24	26	130028
24	27	130028
24	28	130018
24	29	130029
24	30	130029
24	31	130029
24	32	130032
24	33	130032
24	34	130032
24	35	130023
24	36	130035
24	37	130035
24	38	130018
24	39	130033
24	40	130033
24	41	430000
24	42	430000
24	43	230000
24	44	230000
24	45	420008
24	46	330000
24	47	330000
24	48	330000
24	49	330000
24	50	100020
24	51	100020
24	52	420008
24	53	420003
24	54	330006
24	55	330006
24	56	420003
24	57	420003
24	58	320000
24	59	330004
24	60	330004
24	61	320000
24	62	320000
24	63	320000
25	1	90016
25	2	90008
25	3	90009
25	4	300000
25	5	300000
25	6	300000
25	7	300000
25	8	310002
25	9	310002
25	10	310002
25	11	310002
25	12	310004
25	13	310004
25	14	310004
25	15	310004
25	16	350004
25	17	350004
25	18	350004
25	19	350004
25	20	410001
25	21	410001
25	22	410001
25	23	410001
25	24	410002
25	25	410002
25	26	410002
25	27	410002
25	28	410004
25	29	410004
25	30	410004
25	31	410004
25	32	410005
25	33	410005
25	34	410005
25	35	410005
25	36	450001
25	37	450001
25	38	450001
25	39	450001
25	40	410005
25	41	410005
25	42	410005
25	43	410005
25	44	410000
25	45	410000
25	46	410000
25	47	410000
25	48	310003
25	49	310003
25	50	310001
25	51	310001
25	52	310001
25	53	310001
26	1	90017
26	2	90018
26	3	30001
26	4	220000
26	5	220000
26	6	220000
26	7	220001
26	8	220001
26	9	220001
26	10	220001
26	11	220005
26	12	220005
26	13	220005
26	14	320002
26	15	320002
26	16	320002
26	17	320005
26	18	320005
26	19	320005
26	20	330001
26	21	330001
26	22	330001
26	23	330006
26	24	330006
26	25	420004
26	26	420004
26	27	420004
26	28	420004
26	29	420005
26	30	420005
26	31	420005
26	32	420005
26	33	430001
26	34	430001
26	35	430001
26	36	430001
26	37	130004
26	38	130004
26	39	130004
26	40	130005
26	41	130005
26	42	130005
26	43	130006
26	44	130006
26	45	130006
26	46	130007
26	47	130007
26	48	130007
26	49	130005
26	50	130004
26	51	120024
26	52	120024
26	53	120024
27	1	90019
27	2	40003
27	3	40004
27	4	140004
27	5	140004
27	6	140004
27	7	140004
27	8	140006
27	9	140006
27	10	140006
27	11	140006
27	12	140007
27	13	140007
27	14	140007
27	15	140007
27	16	140008
27	17	140008
27	18	140008
27	19	140008
27	20	140012
27	21	140012
27	22	140015
27	23	140015
27	24	140015
27	25	140015
27	26	140039
27	27	140039
27	28	140039
27	29	140039
27	30	140040
27	31	140040
27	32	140036
27	33	140036
27	34	140036
27	35	140033
27	36	140033
27	37	140033
27	38	140033
27	39	140027
27	40	140027
27	41	140027
27	42	140027
27	43	100008
27	44	100008
27	45	100008
27	46	100009
27	47	100009
27	48	100009
27	49	340003
27	50	340003
27	51	340010
27	52	340010
27	53	340010
28	1	10003
28	2	40002
28	3	10006
28	4	100022
28	5	100022
28	6	100021
28	7	100021
28	8	110004
28	9	110004
28	10	110004
28	11	110004
28	12	110007
28	13	110007
28	14	110007
28	15	110007
28	16	110010
28	17	110010
28	18	110010
28	19	110010
28	20	110017
28	21	110017
28	22	110017
28	23	110021
28	24	110026
28	25	110026
28	26	110002
28	27	110002
28	28	110002
28	29	110002
28	30	110028
28	31	110028
28	32	110028
28	33	140009
28	34	140009
28	35	140012
28	36	140012
28	37	140012
28	38	210003
28	39	210003
28	40	210003
28	41	310000
28	42	310000
28	43	310000
28	44	310005
28	45	340000
28	46	340000
28	47	340000
28	48	340002
28	49	340002
28	50	340007
28	51	340007
28	52	340008
28	53	340008
28	54	340008
28	55	340014
28	56	340014
28	57	340014
28	58	340015
28	59	340015
28	60	440000
28	61	440000
28	62	440000
28	63	440000
29	1	50004
29	2	50005
29	3	50006
29	4	150001
29	5	150001
29	6	150001
29	7	150001
29	8	150003
29	9	150003
29	10	150003
29	11	150003
29	12	150004
29	13	150004
29	14	150004
29	15	150004
29	16	150005
29	17	150005
29	18	150005
29	19	150005
29	20	150006
29	21	150006
29	22	150006
29	23	150021
29	24	150021
29	25	150021
29	26	150034
29	27	150034
29	28	150034
29	29	150016
29	30	150016
29	31	150016
29	32	150017
29	33	150017
29	34	150017
29	35	150017
29	36	150036
29	37	150036
29	38	150036
29	39	150025
29	40	150025
29	41	150025
29	42	350008
29	43	350008
29	44	350008
29	45	350008
29	46	350001
29	47	350001
29	48	350001
29	49	450001
29	50	450001
29	51	350005
29	52	350005
29	53	350005
30	1	90010
30	2	90011
30	3	10005
30	4	110012
30	5	110012
30	6	110012
30	7	110012
30	8	100022
30	9	100022
30	10	110007
30	11	110007
30	12	110007
30	13	110024
30	14	110024
30	15	110024
30	16	110027
30	17	110027
30	18	110027
30	19	110024
30	20	110024
30	21	110012
30	22	110012
30	23	110014
30	24	110014
30	25	110014
30	26	110022
30	27	110022
30	28	110022
30	29	110022
30	30	210005
30	31	210005
30	32	310003
30	33	310003
30	34	310003
30	35	310003
30	36	310003
30	37	310003
30	38	110022
30	39	110015
30	40	110021
30	41	310005
30	42	410002
30	43	410002
30	44	410002
30	45	410002
30	46	110017
30	47	110017
30	48	110017
30	49	110017
30	50	410002
30	51	410002
30	52	410002
30	53	410002
31	1	90002
31	2	90002
31	3	90003
31	4	200000
31	5	200000
32	1	90003
32	2	90003
32	3	90005
32	4	150027
32	5	150027
33	1	90000
33	2	90000
33	3	90002
33	4	150027
33	5	150027
33	6	150027
34	1	90000
34	2	90003
34	3	90003
34	4	150027
34	5	150027
34	6	150027
35	1	90006
35	2	90006
35	3	90006
35	4	340000
35	5	340000
35	6	340000
35	7	340000
36	1	40001
36	2	40001
36	3	40001
36	4	340005
37	1	30005
37	2	30006
37	3	20005
37	4	190018
37	5	190018
37	6	190018
37	7	190018
37	8	190018
37	9	190018
37	10	190018
37	11	190018
37	12	100023
37	13	100023
37	14	100023
37	15	100023
37	16	100023
37	17	100023
37	18	100023
37	19	100023
37	20	190020
37	21	190020
37	22	190020
37	23	190020
37	24	330001
37	25	330001
37	26	330001
37	27	330002
37	28	330002
37	29	330002
37	30	330006
37	31	330006
37	32	330000
37	33	330000
37	34	330000
37	35	330000
37	36	190018
37	37	190018
37	38	190018
37	39	190018
37	40	100023
37	41	100023
37	42	430000
37	43	430002
37	44	430002
37	45	430002
37	46	330016
37	47	330016
37	48	330007
37	49	330007
37	50	330007
37	51	330003
37	52	330003
37	53	330003
38	1	90020
38	2	90009
38	3	40005
38	4	100021
38	5	100021
38	6	130004
38	7	130004
38	8	130004
38	9	130005
38	10	130005
38	11	130005
38	12	130006
38	13	130006
38	14	130006
38	15	130007
38	16	130007
38	17	130007
38	18	130010
38	19	130010
38	20	130010
38	21	140016
38	22	140016
38	23	140016
38	24	140017
38	25	140017
38	26	140017
38	27	140018
38	28	140018
38	29	140018
38	30	140035
38	31	140035
38	32	240000
38	33	240000
38	34	240000
38	35	340000
38	36	340000
38	37	340000
38	38	340002
38	39	340002
38	40	340002
38	41	340006
38	42	340006
38	43	430001
38	44	430001
38	45	430001
38	46	440002
38	47	440002
38	48	440002
38	49	440005
38	50	440005
38	51	440005
38	52	440001
38	53	440001
39	1	50001
39	2	30001
39	3	30001
39	4	330009
39	5	330015
39	6	330004
39	7	330004
39	8	330005
39	9	330001
39	10	330015
39	11	330004
39	12	330007
39	13	330005
39	14	360006
40	1	90019
40	2	30002
40	3	30005
40	4	130000
40	5	130000
40	6	130000
40	7	130013
40	8	130013
40	9	130013
40	10	130013
40	11	130014
40	12	130014
40	13	130014
40	14	130000
40	15	130014
40	16	130015
40	17	130015
40	18	130015
40	19	430004
40	20	130031
40	21	130031
40	22	130032
40	23	130032
40	24	130032
40	25	130032
40	26	130039
40	27	130039
40	28	130039
40	29	130039
40	30	230000
40	31	230000
40	32	230000
40	33	230002
40	34	230002
40	35	230004
40	36	230004
40	37	230004
40	38	230003
40	39	330002
40	40	330002
40	41	330004
40	42	330004
40	43	330008
40	44	330008
40	45	330015
40	46	330015
40	47	330015
40	48	430002
40	49	430002
40	50	430002
40	51	430002
40	52	430004
40	53	430004
41	1	90021
41	2	90021
41	3	90021
41	4	420009
41	5	420009
41	6	420009
41	7	420009
41	8	420009
41	9	420009
41	10	420009
41	11	420009
41	12	420009
41	13	420009
41	14	420009
41	15	420009
41	16	420009
41	17	420009
41	18	420009
41	19	420009
41	20	420009
41	21	420009
41	22	420009
41	23	420009
41	24	420009
41	25	420009
41	26	420009
41	27	420009
41	28	420009
41	29	420009
41	30	420009
41	31	420009
41	32	420009
41	33	420009
41	34	420009
41	35	420009
41	36	420009
41	37	420009
41	38	420009
41	39	420009
41	40	420009
41	41	420009
41	42	420009
41	43	420009
41	44	420009
41	45	420009
41	46	420009
41	47	420009
41	48	420009
41	49	420009
41	50	420009
41	51	420009
41	52	420009
41	53	420009
42	1	90014
42	2	90015
42	3	30005
42	4	100020
42	5	100020
42	6	100020
42	7	130000
42	8	130000
42	9	130000
42	10	130020
42	11	130001
42	12	130001
42	13	130001
42	14	130001
42	15	130003
42	16	130003
42	17	130008
42	18	130008
42	19	130008
42	20	130037
42	21	130012
42	22	130012
42	23	130012
42	24	130015
42	25	130015
42	26	130019
42	27	130019
42	28	130022
42	29	130022
42	30	130022
42	31	130022
42	32	130020
42	33	130037
42	34	300000
42	35	300000
42	36	330000
42	37	330000
42	38	330004
42	39	330004
42	40	330010
42	41	330010
42	42	330011
42	43	330011
42	44	330011
42	45	330013
42	46	430000
42	47	430000
42	48	430001
42	49	430001
42	50	430001
42	51	430002
42	52	430002
42	53	430002
507	1	10006
507	2	10002
507	3	10001
507	4	110007
507	5	110007
507	6	110007
507	7	110007
507	8	110004
507	9	110004
507	10	110004
507	11	110004
507	12	110004
507	13	110004
507	14	110004
507	15	110004
507	16	110010
507	17	110010
507	18	110010
507	19	110010
507	20	110010
507	21	110010
507	22	110010
507	23	110010
507	24	100004
507	25	100004
507	26	100004
507	27	100004
507	28	110029
507	29	110029
507	30	110029
507	31	110029
507	32	110028
507	33	110028
507	34	110028
507	35	110028
507	36	110031
507	37	110031
507	38	110031
507	39	110031
507	40	210003
507	41	210003
507	42	210003
507	43	210003
507	44	210001
507	45	210001
507	46	210001
507	47	210001
507	48	310000
507	49	310000
507	50	310000
507	51	410009
507	52	410009
507	53	410009
512	1	10006
512	2	10003
512	3	10001
512	4	110007
512	5	110007
512	6	110007
512	7	110007
512	8	110033
512	9	110033
512	10	110033
512	11	110033
512	12	110017
512	13	110017
512	14	110017
512	15	110017
512	16	110010
512	17	110010
512	18	110010
512	19	110010
512	20	110033
512	21	110033
512	22	110033
512	23	110033
512	24	110034
512	25	110034
512	26	110034
512	27	110034
512	28	110029
512	29	110029
512	30	110029
512	31	110029
512	32	110028
512	33	110028
512	34	110028
512	35	110028
512	36	110031
512	37	110031
512	38	110031
512	39	110031
512	40	210003
512	41	210003
512	42	210000
512	43	210000
512	44	210000
512	45	210000
512	46	210000
512	47	210000
512	48	110002
512	49	110002
512	50	110002
512	51	110002
512	52	410009
512	53	410009
517	1	10002
517	2	10004
517	3	10001
517	4	410000
517	5	410000
517	6	410000
517	7	410000
517	8	410000
517	9	410000
517	10	410000
517	11	410000
517	12	410000
517	13	410000
517	14	410000
517	15	410000
517	16	110006
517	17	110006
517	18	110006
517	19	110006
517	20	110006
517	21	110006
517	22	110006
517	23	110006
517	24	110011
517	25	110011
517	26	110011
517	27	110011
517	28	110022
517	29	110022
517	30	110022
517	31	110022
517	32	110015
517	33	110015
517	34	110015
517	35	110015
517	36	110022
517	37	110022
517	38	110022
517	39	110022
517	40	110022
517	41	310001
517	42	310001
517	43	310001
517	44	310001
517	45	310004
517	46	310004
517	47	310004
517	48	310004
517	49	410007
517	50	410007
517	51	410007
517	52	410007
517	53	310003
522	1	10003
522	2	10005
522	3	10006
522	4	110017
522	5	110017
522	6	110017
522	7	110017
522	8	110009
522	9	110009
522	10	110009
522	11	110009
522	12	110007
522	13	110007
522	14	110007
522	15	110007
522	16	110007
522	17	110007
522	18	100011
522	19	100011
522	20	100011
522	21	110030
522	22	110030
522	23	110030
522	24	110030
522	25	110032
522	26	110032
522	27	110032
522	28	110032
522	29	110033
522	30	110033
522	31	110033
522	32	110033
522	33	110038
522	34	210003
522	35	210003
522	36	210003
522	37	210003
522	38	210002
522	39	210002
522	40	210002
522	41	410002
522	42	410002
522	43	410002
522	44	410004
522	45	310004
522	46	310004
522	47	310004
522	48	310004
522	49	410004
522	50	410004
522	51	410008
522	52	410008
522	53	410008
500	1	10002
500	2	10004
500	3	10005
500	4	110001
500	5	110001
500	6	110001
500	7	110001
500	8	110003
500	9	110003
500	10	110003
500	11	110003
500	12	110016
500	13	110016
500	14	110016
500	15	110016
500	16	110015
500	17	110015
500	18	110013
500	19	110013
500	20	110013
500	21	110013
500	22	110001
500	23	110001
500	24	110017
500	25	110017
500	26	110011
500	27	110011
500	28	110011
500	29	110011
500	30	110006
500	31	110006
500	32	110006
500	33	110006
500	34	110035
500	35	110035
500	36	110035
500	37	310001
500	38	310001
500	39	310001
500	40	310001
500	41	410000
500	42	410000
500	43	410000
500	44	410000
500	45	410003
500	46	410003
500	47	410003
500	48	410003
500	49	410004
500	50	410004
500	51	410004
500	52	410004
500	53	410005
510	1	40002
510	2	40006
510	3	40001
510	4	140010
510	5	100003
510	6	100003
510	7	100003
510	8	140026
510	9	140026
510	10	140026
510	11	140026
510	12	140027
510	13	140027
510	14	140027
510	15	140027
510	16	140010
510	17	140000
510	18	140000
510	19	140000
510	20	140003
510	21	140003
510	22	140003
510	23	140003
510	24	140010
510	25	140006
510	26	140006
510	27	140006
510	28	140007
510	29	140007
510	30	140007
510	31	140007
510	32	140008
510	33	140008
510	34	140008
510	35	140008
510	36	140031
510	37	140031
510	38	140031
510	39	340000
510	40	340000
510	41	340000
510	42	340000
510	43	340001
510	44	340001
510	45	340001
510	46	340001
510	47	340002
510	48	340002
510	49	340002
510	50	340002
510	51	440000
510	52	440000
510	53	440000
510	54	440000
510	55	440001
510	56	440001
510	57	440001
510	58	440002
510	59	440002
510	60	440002
510	61	440002
510	62	240000
510	63	240000
515	1	40002
515	2	40003
515	3	40006
515	4	140001
515	5	140001
515	6	140001
515	7	140002
515	8	140002
515	9	140002
515	10	140004
515	11	140004
515	12	140004
515	13	140004
515	14	140010
515	15	140010
515	16	140013
515	17	140013
515	18	140013
515	19	140015
515	20	140015
515	21	140016
515	22	140016
515	23	140018
515	24	140018
515	25	140019
515	26	140025
515	27	140025
515	28	140025
515	29	140025
515	30	140026
515	31	140026
515	32	140026
515	33	140027
515	34	140027
515	35	140027
515	36	140027
515	37	140035
515	38	140035
515	39	340000
515	40	340000
515	41	340000
515	42	240001
515	43	240001
515	44	240000
515	45	240000
515	46	240000
515	47	340001
515	48	340001
515	49	340001
515	50	340008
515	51	340008
515	52	340010
515	53	440000
515	54	440000
515	55	440000
515	56	340015
515	57	340015
515	58	440002
515	59	440002
515	60	440002
515	61	440002
515	62	440005
515	63	440005
501	1	40002
501	2	40003
501	3	50001
501	4	140001
501	5	140001
501	6	140001
501	7	140002
501	8	140002
501	9	140002
501	10	140004
501	11	140004
501	12	140004
501	13	140004
501	14	140010
501	15	140010
501	16	140013
501	17	140013
501	18	140013
501	19	140015
501	20	140015
501	21	140016
501	22	140016
501	23	140018
501	24	140018
501	25	140019
501	26	140025
501	27	140025
501	28	140025
501	29	140025
501	30	140026
501	31	140026
501	32	140026
501	33	140027
501	34	140027
501	35	140027
501	36	140027
501	37	140035
501	38	140035
501	39	340000
501	40	340000
501	41	350001
501	42	240001
501	43	240001
501	44	240000
501	45	240000
501	46	350001
501	47	350001
501	48	350001
501	49	350001
501	50	340008
501	51	340008
501	52	340010
501	53	440000
501	54	440000
501	55	440000
501	56	350001
501	57	350001
501	58	350001
501	59	440002
501	60	440002
501	61	440002
501	62	440005
501	63	440005
520	1	40003
520	2	40004
520	3	40006
520	4	140001
520	5	140001
520	6	140001
520	7	140002
520	8	140002
520	9	140002
520	10	140004
520	11	140004
520	12	140015
520	13	140015
520	14	140015
520	15	140016
520	16	140016
520	17	140016
520	18	140013
520	19	140013
520	20	140013
520	21	140018
520	22	140018
520	23	140018
520	24	140019
520	25	140019
520	26	140025
520	27	140025
520	28	140025
520	29	140025
520	30	340011
520	31	340011
520	32	340011
520	33	140027
520	34	140027
520	35	140027
520	36	140027
520	37	140035
520	38	140035
520	39	340000
520	40	340000
520	41	340000
520	42	240001
520	43	240001
520	44	240000
520	45	240000
520	46	240000
520	47	340001
520	48	340001
520	49	340001
520	50	340008
520	51	340008
520	52	340010
520	53	440000
520	54	440000
520	55	440000
520	56	340015
520	57	340015
520	58	440002
520	59	440002
520	60	440002
520	61	440002
520	62	440005
520	63	440005
505	1	40004
505	2	40006
505	3	40001
505	4	140026
505	5	140026
505	6	140026
505	7	140026
505	8	140031
505	9	140031
505	10	140004
505	11	140004
505	12	140015
505	13	140015
505	14	140015
505	15	140016
505	16	140016
505	17	140016
505	18	140013
505	19	140013
505	20	140013
505	21	140018
505	22	140018
505	23	140018
505	24	140019
505	25	140019
505	26	140025
505	27	140025
505	28	140025
505	29	140025
505	30	140031
505	31	340011
505	32	340011
505	33	140027
505	34	140027
505	35	140027
505	36	140027
505	37	140035
505	38	140035
505	39	340000
505	40	340000
505	41	340000
505	42	240001
505	43	240001
505	44	240000
505	45	240000
505	46	240000
505	47	340001
505	48	340001
505	49	340001
505	50	340008
505	51	340008
505	52	340010
505	53	440000
505	54	440000
505	55	440000
505	56	340015
505	57	340015
505	58	440002
505	59	440002
505	60	440002
505	61	440002
505	62	440005
505	63	440005
525	1	40003
525	2	40004
525	3	40005
525	4	140033
525	5	140033
525	6	140033
525	7	140003
525	8	140003
525	9	140004
525	10	140004
525	11	140004
525	12	140015
525	13	140015
525	14	140015
525	15	140016
525	16	140016
525	17	140016
525	18	140013
525	19	140013
525	20	140013
525	21	140018
525	22	140018
525	23	140018
525	24	140019
525	25	140019
525	26	140025
525	27	140025
525	28	140025
525	29	140025
525	30	140026
525	31	140026
525	32	140026
525	33	140027
525	34	140027
525	35	140027
525	36	140027
525	37	140035
525	38	140035
525	39	340000
525	40	340000
525	41	340000
525	42	240001
525	43	240001
525	44	240000
525	45	240000
525	46	240000
525	47	340001
525	48	340001
525	49	340001
525	50	140036
525	51	140036
525	52	340010
525	53	440000
525	54	440000
525	55	440000
525	56	140036
525	57	140017
525	58	440002
525	59	440002
525	60	440002
525	61	440002
525	62	140031
525	63	140031
511	1	50002
511	2	50006
511	3	50001
511	4	150019
511	5	150019
511	6	150019
511	7	150019
511	8	150000
511	9	150000
511	10	150000
511	11	150000
511	12	150018
511	13	150018
511	14	150018
511	15	150018
511	16	150022
511	17	150022
511	18	150022
511	19	150022
511	20	150023
511	21	150023
511	22	150023
511	23	150029
511	24	150029
511	25	150029
511	26	150029
511	27	150030
511	28	150030
511	29	150030
511	30	150030
511	31	150031
511	32	150031
511	33	150040
511	34	150040
511	35	150040
511	36	350000
511	37	350000
511	38	350000
511	39	350000
511	40	350001
511	41	350001
511	42	350001
511	43	350005
511	44	150033
511	45	150033
511	46	150032
511	47	150032
511	48	150032
511	49	150015
511	50	150015
511	51	250002
511	52	250002
511	53	250000
511	54	350005
511	55	350005
511	56	350008
511	57	350008
506	1	50002
506	2	50006
506	3	50001
506	4	150026
506	5	150026
506	6	150026
506	7	150008
506	8	150008
506	9	150008
506	10	150009
506	11	150009
506	12	150009
506	13	150010
506	14	150010
506	15	150010
506	16	150010
506	17	150016
506	18	150016
506	19	150016
506	20	150016
506	21	150017
506	22	150017
506	23	150017
506	24	150017
506	25	250002
506	26	250002
506	27	250002
506	28	150011
506	29	150011
506	30	150011
506	31	150011
506	32	150013
506	33	150013
506	34	150013
506	35	150013
506	36	350000
506	37	350000
506	38	350000
506	39	350000
506	40	350001
506	41	350001
506	42	350001
506	43	350005
506	44	350005
506	45	150039
506	46	150039
506	47	350006
506	48	350006
506	49	350006
506	50	350006
506	51	450004
506	52	450004
506	53	150038
516	1	50001
516	2	50006
516	3	50003
516	4	150001
516	5	150001
516	6	150001
516	7	150001
516	8	150002
516	9	150002
516	10	150002
516	11	150002
516	12	150003
516	13	150003
516	14	150003
516	15	150003
516	16	150004
516	17	150004
516	18	150004
516	19	150004
516	20	150005
516	21	150005
516	22	150005
516	23	150005
516	24	150006
516	25	150006
516	26	150006
516	27	150006
516	28	150020
516	29	150020
516	30	150020
516	31	150021
516	32	150021
516	33	150021
516	34	150025
516	35	150025
516	36	150025
516	37	150025
516	38	150034
516	39	150034
516	40	150034
516	41	150034
516	42	150035
516	43	150035
516	44	250001
516	45	250001
516	46	250001
516	47	250002
516	48	250002
516	49	250002
516	50	450000
516	51	450000
516	52	450000
516	53	450000
516	54	450004
516	55	450004
516	56	450004
516	57	150031
516	58	150026
516	59	150022
516	60	150022
516	61	150022
516	62	150023
516	63	150023
521	1	50006
521	2	50003
521	3	50004
521	4	150001
521	5	150001
521	6	150001
521	7	150001
521	8	150002
521	9	150002
521	10	150002
521	11	150002
521	12	150003
521	13	150003
521	14	150003
521	15	150003
521	16	150004
521	17	150004
521	18	150004
521	19	150004
521	20	150005
521	21	150005
521	22	150005
521	23	150005
521	24	150006
521	25	150006
521	26	150006
521	27	150006
521	28	150020
521	29	150020
521	30	150020
521	31	150021
521	32	150021
521	33	150021
521	34	150002
521	35	150002
521	36	150025
521	37	150025
521	38	150034
521	39	150034
521	40	150034
521	41	150034
521	42	150022
521	43	150022
521	44	150002
521	45	150002
521	46	150002
521	47	250002
521	48	250002
521	49	250002
521	50	450000
521	51	450000
521	52	450000
521	53	450000
521	54	450004
521	55	450004
521	56	450004
521	57	450004
521	58	350005
521	59	350005
521	60	350005
526	1	50005
526	2	50001
526	3	50003
526	4	150000
526	5	150000
526	6	150000
526	7	150029
526	8	150029
526	9	150029
526	10	150002
526	11	150002
526	12	150002
526	13	150002
526	14	150014
526	15	150014
526	16	150014
526	17	150014
526	18	150015
526	19	150015
526	20	150015
526	21	150037
526	22	150037
526	23	150037
526	24	150037
526	25	150023
526	26	150023
526	27	150023
526	28	150023
526	29	150026
526	30	150026
526	31	150032
526	32	150032
526	33	150032
526	34	150011
526	35	150011
526	36	150011
526	37	150038
526	38	150038
526	39	150038
526	40	150038
526	41	150036
526	42	150036
526	43	150036
526	44	150019
526	45	150019
526	46	150019
526	47	150019
526	48	150022
526	49	150022
526	50	100019
526	51	100019
526	52	100019
526	53	100019
504	1	50004
504	2	50006
504	3	50001
504	4	150001
504	5	150001
504	6	150001
504	7	150001
504	8	150002
504	9	150002
504	10	150002
504	11	150002
504	12	150003
504	13	150003
504	14	150003
504	15	150003
504	16	150004
504	17	150004
504	18	150004
504	19	150004
504	20	150005
504	21	150005
504	22	150005
504	23	150005
504	24	150006
504	25	150006
504	26	150006
504	27	150006
504	28	150020
504	29	150020
504	30	150020
504	31	150021
504	32	150021
504	33	150021
504	34	150002
504	35	150002
504	36	150025
504	37	150025
504	38	150030
504	39	150030
504	40	150030
504	41	150030
504	42	150022
504	43	150022
504	44	150002
504	45	150002
504	46	150002
504	47	250002
504	48	250002
504	49	450005
504	50	450005
504	51	450005
504	52	450005
504	53	450005
504	54	150031
504	55	150031
504	56	150031
509	1	30006
509	2	30001
509	3	30001
509	4	130000
509	5	130000
509	6	130000
509	7	130000
509	8	130001
509	9	130001
509	10	130001
509	11	130001
509	12	130003
509	13	130003
509	14	130003
509	15	130003
509	16	130008
509	17	130008
509	18	130008
509	19	130008
509	20	130029
509	21	130029
509	22	130029
509	23	130029
509	24	130013
509	25	130013
509	26	130013
509	27	130013
509	28	130030
509	29	130030
509	30	130030
509	31	130030
509	32	130026
509	33	130026
509	34	130026
509	35	130026
509	36	130033
509	37	130033
509	38	130033
509	39	130033
509	40	330001
509	41	330001
509	42	230000
509	43	230000
509	44	230000
509	45	230000
509	46	330000
509	47	330000
509	48	330000
509	49	330000
509	50	430000
509	51	430000
509	52	430001
509	53	430001
509	54	430001
509	55	330003
509	56	330003
509	57	330003
509	58	330004
509	59	330004
509	60	330004
509	61	330006
509	62	330006
509	63	330006
514	1	30001
514	2	30003
514	3	30002
514	4	130000
514	5	130000
514	6	130000
514	7	130000
514	8	130001
514	9	130001
514	10	130001
514	11	130001
514	12	130003
514	13	130003
514	14	130003
514	15	130003
514	16	130008
514	17	130008
514	18	130008
514	19	130008
514	20	130009
514	21	130009
514	22	130009
514	23	130009
514	24	130013
514	25	130013
514	26	130013
514	27	230001
514	28	130033
514	29	130033
514	30	130033
514	31	230001
514	32	130026
514	33	130026
514	34	130026
514	35	230001
514	36	130031
514	37	130031
514	38	130031
514	39	230001
514	40	130032
514	41	130032
514	42	130027
514	43	130027
514	44	130027
514	45	230001
514	46	330000
514	47	330000
514	48	330000
514	49	330000
514	50	330002
514	51	330002
514	52	330002
514	53	330002
514	54	330003
514	55	330003
514	56	330003
514	57	330003
514	58	330004
514	59	330004
514	60	330004
514	61	330004
514	62	330007
514	63	330007
519	1	30006
519	2	30003
519	3	30004
519	4	130001
519	5	130001
519	6	130001
519	7	130001
519	8	130003
519	9	130003
519	10	130003
519	11	130003
519	12	130005
519	13	130005
519	14	130005
519	15	130005
519	16	130010
519	17	130010
519	18	130010
519	19	130010
519	20	130012
519	21	130012
519	22	130012
519	23	130012
519	24	130013
519	25	130013
519	26	130013
519	27	130013
519	28	130017
519	29	130017
519	30	130018
519	31	130018
519	32	130019
519	33	130020
519	34	130022
519	35	130022
519	36	130028
519	37	130028
519	38	130028
519	39	130029
519	40	130029
519	41	130029
519	42	130035
519	43	130035
519	44	230000
519	45	230000
519	46	330000
519	47	330000
519	48	330000
519	49	330000
519	50	430000
519	51	430000
519	52	430001
519	53	430001
519	54	430001
519	55	330003
519	56	330003
519	57	330003
519	58	330004
519	59	330004
519	60	330004
519	61	330006
519	62	330006
519	63	330006
503	1	30002
503	2	30003
503	3	30005
503	4	130001
503	5	130001
503	6	130001
503	7	130001
503	8	130003
503	9	130003
503	10	130003
503	11	130003
503	12	130006
503	13	130006
503	14	130006
503	15	130006
503	16	130019
503	17	130008
503	18	130008
503	19	130008
503	20	130019
503	21	130009
503	22	130009
503	23	130009
503	24	130017
503	25	130017
503	26	130017
503	27	130020
503	28	130033
503	29	130033
503	30	130019
503	31	130036
503	32	130036
503	33	130036
503	34	130037
503	35	130037
503	36	130037
503	37	130038
503	38	130038
503	39	130038
503	40	130038
503	41	230002
503	42	230002
503	43	230002
503	44	330001
503	45	330001
503	46	330001
503	47	330001
503	48	330005
503	49	330005
503	50	330005
503	51	330008
503	52	330008
503	53	330009
503	54	330009
503	55	330009
503	56	430002
503	57	430002
503	58	430002
503	59	330011
503	60	330011
503	61	330011
503	62	330004
503	63	330004
524	1	30002
524	2	30003
524	3	30005
524	4	130001
524	5	130001
524	6	130001
524	7	130001
524	8	130003
524	9	130003
524	10	130003
524	11	130003
524	12	130006
524	13	130006
524	14	130006
524	15	130006
524	16	130008
524	17	130008
524	18	130008
524	19	130008
524	20	130009
524	21	130009
524	22	130009
524	23	130009
524	24	130017
524	25	130017
524	26	130017
524	27	130020
524	28	130033
524	29	130033
524	30	130036
524	31	130036
524	32	130036
524	33	130036
524	34	130037
524	35	130037
524	36	130037
524	37	130038
524	38	130038
524	39	130038
524	40	130038
524	41	230002
524	42	230002
524	43	230002
524	44	330001
524	45	330001
524	46	330001
524	47	330001
524	48	330005
524	49	330005
524	50	330005
524	51	330008
524	52	330008
524	53	330009
524	54	330009
524	55	330009
524	56	430002
524	57	430002
524	58	430002
524	59	330011
524	60	330011
524	61	330011
524	62	330004
524	63	330004
508	1	20002
508	2	20006
508	3	20001
508	4	120001
508	5	120001
508	6	120001
508	7	120001
508	8	120003
508	9	120003
508	10	120003
508	11	120003
508	12	120004
508	13	120004
508	14	120004
508	15	120004
508	16	120005
508	17	120005
508	18	120005
508	19	120005
508	20	120006
508	21	120006
508	22	120006
508	23	120006
508	24	120008
508	25	120008
508	26	120008
508	27	120023
508	28	120023
508	29	120023
508	30	120024
508	31	120024
508	32	120024
508	33	120024
508	34	220000
508	35	220000
508	36	220000
508	37	220000
508	38	220001
508	39	220001
508	40	220001
508	41	220004
508	42	220004
508	43	220004
508	44	320000
508	45	320000
508	46	320000
508	47	420004
508	48	420004
508	49	420004
508	50	420004
508	51	420001
508	52	420001
508	53	420001
508	54	420003
508	55	420003
508	56	420005
508	57	420005
508	58	420005
508	59	420005
508	60	120026
508	61	120026
508	62	120026
508	63	120026
513	1	20002
513	2	20006
513	3	20003
513	4	120004
513	5	120004
513	6	120004
513	7	120004
513	8	120005
513	9	120005
513	10	120005
513	11	120005
513	12	120007
513	13	120007
513	14	120007
513	15	120007
513	16	120011
513	17	120011
513	18	120016
513	19	120016
513	20	120019
513	21	120019
513	22	120020
513	23	120020
513	24	120020
513	25	120020
513	26	120021
513	27	120021
513	28	120021
513	29	120021
513	30	120025
513	31	120025
513	32	120025
513	33	120025
513	34	120029
513	35	120029
513	36	220000
513	37	220000
513	38	220003
513	39	220003
513	40	220003
513	41	220004
513	42	220004
513	43	220004
513	44	320000
513	45	320000
513	46	320000
513	47	420000
513	48	420000
513	49	320005
513	50	320005
513	51	420001
513	52	420001
513	53	420001
513	54	420003
513	55	420003
513	56	320003
513	57	320003
513	58	320003
513	59	320003
513	60	120032
513	61	120032
513	62	120032
513	63	120032
518	1	20002
518	2	20004
518	3	20006
518	4	120001
518	5	120001
518	6	120001
518	7	120001
518	8	120002
518	9	120002
518	10	120002
518	11	120002
518	12	120004
518	13	120004
518	14	120004
518	15	120004
518	16	120005
518	17	120005
518	18	120005
518	19	120005
518	20	120006
518	21	120006
518	22	120006
518	23	120006
518	24	120010
518	25	120010
518	26	120010
518	27	120010
518	28	120012
518	29	120012
518	30	120012
518	31	120012
518	32	120014
518	33	120014
518	34	120014
518	35	120014
518	36	120020
518	37	120020
518	38	120020
518	39	120020
518	40	120028
518	41	120028
518	42	120028
518	43	120028
518	44	120031
518	45	120031
518	46	120031
518	47	120031
518	48	220002
518	49	320005
518	50	320005
518	51	420001
518	52	420001
518	53	420001
518	54	420003
518	55	420003
518	56	320000
518	57	320003
518	58	320003
518	59	320003
518	60	220003
518	61	220003
518	62	320000
518	63	320000
523	1	20005
523	2	20001
523	3	20006
523	4	120001
523	5	120001
523	6	120001
523	7	120001
523	8	120005
523	9	120005
523	10	120005
523	11	120005
523	12	120006
523	13	120006
523	14	120006
523	15	120006
523	16	120008
523	17	120008
523	18	120008
523	19	120008
523	20	120020
523	21	120020
523	22	120020
523	23	120020
523	24	120024
523	25	120024
523	26	120024
523	27	120024
523	28	120026
523	29	120026
523	30	120026
523	31	120026
523	32	120029
523	33	120029
523	34	120017
523	35	120034
523	36	120034
523	37	120034
523	38	220001
523	39	220001
523	40	220005
523	41	220005
523	42	220005
523	43	320005
523	44	320005
523	45	420003
523	46	420003
523	47	420003
523	48	420003
523	49	420004
523	50	420004
523	51	420004
523	52	420004
523	53	420005
523	54	420005
523	55	420005
523	56	420005
523	57	320003
523	58	320003
523	59	320003
523	60	320000
523	61	320000
523	62	320000
523	63	320000
502	1	20003
502	2	10003
502	3	20006
502	4	100018
502	5	100018
502	6	100010
502	7	100010
502	8	100010
502	9	100010
502	10	100022
502	11	100022
502	12	110007
502	13	110007
502	14	110007
502	15	120001
502	16	120001
502	17	120004
502	18	120004
502	19	120005
502	20	120005
502	21	120005
502	22	120005
502	23	120015
502	24	120015
502	25	120017
502	26	120017
502	27	120017
502	28	120018
502	29	120018
502	30	120018
502	31	120022
502	32	120024
502	33	120024
502	34	120024
502	35	120030
502	36	120030
502	37	320000
502	38	320000
502	39	320000
502	40	320000
502	41	320002
502	42	320002
502	43	320010
502	44	320010
502	45	410001
502	46	410001
502	47	410001
502	48	410002
502	49	410002
502	50	410002
502	51	420001
502	52	420001
502	53	420001
502	54	420004
502	55	420004
502	56	420004
502	57	420005
502	58	420005
502	59	420005
502	60	420008
502	61	420008
502	62	220005
502	63	220005
50	1	90000
50	2	90000
50	3	90001
50	4	150009
50	5	140004
50	6	140004
51	1	90000
51	2	90000
51	3	90000
51	4	140004
51	5	140004
51	6	340000
51	7	140004
51	8	140004
51	9	140004